impl name               ,test name       ,size    ,al dst ,al src ,dst > src,trials ,inner trials,mean      ,median    ,geomean   ,min       ,max       ,stdev
memcpy_dev_v32_movsb_v19,rand SPEC2017   ,1       ,16     ,256    ,32768    ,20000  ,32768       ,2.316E+05 ,2.255E+05 ,2.310E+05 ,2.12E+05  ,5.602E+05 ,1.922E+04
memcpy_dev_v32_movsb_v19,rand SPEC2017   ,1       ,32     ,256    ,16384    ,40000  ,16384       ,7.633E+04 ,7.632E+04 ,7.629E+04 ,7.28E+04  ,1.360E+05 ,2.715E+03
memcpy_dev_v32_movsb_v19,rand SPEC2017   ,1       ,33     ,256    ,8192     ,80000  ,8192        ,4.126E+04 ,4.070E+04 ,4.122E+04 ,4.00E+04  ,1.200E+05 ,2.311E+03
memcpy_dev_v32_movsb_v19,rand SPEC2017   ,1       ,16     ,257    ,32768    ,20000  ,32768       ,2.370E+05 ,2.366E+05 ,2.369E+05 ,2.27E+05  ,3.504E+05 ,6.151E+03
memcpy_dev_v32_movsb_v19,rand SPEC2017   ,1       ,32     ,257    ,16384    ,40000  ,16384       ,7.970E+04 ,7.882E+04 ,7.963E+04 ,7.59E+04  ,1.455E+05 ,3.554E+03
memcpy_dev_v32_movsb_v19,rand SPEC2017   ,1       ,33     ,257    ,8192     ,80000  ,8192        ,4.302E+04 ,4.312E+04 ,4.298E+04 ,4.14E+04  ,9.176E+04 ,2.164E+03
memcpy_dev_v32_movsb_v19,rand SPEC2017   ,1       ,0      ,31     ,16384    ,40000  ,16384       ,1.307E+05 ,1.293E+05 ,1.306E+05 ,1.23E+05  ,3.291E+05 ,7.570E+03
memcpy_dev_v32_movsb_v19,rand SPEC2017   ,1       ,0      ,32     ,32768    ,20000  ,32768       ,3.261E+05 ,3.246E+05 ,3.260E+05 ,3.11E+05  ,4.680E+05 ,8.073E+03
memcpy_dev_v32_movsb_v19,rand SPEC2017   ,1       ,0      ,64     ,32768    ,20000  ,32768       ,3.281E+05 ,3.254E+05 ,3.280E+05 ,3.18E+05  ,4.739E+05 ,9.383E+03
memcpy_dev_v32_movsb_v19,rand SPEC2017   ,1       ,0      ,65     ,32768    ,20000  ,32768       ,3.291E+05 ,3.273E+05 ,3.290E+05 ,3.19E+05  ,4.652E+05 ,8.308E+03
memcpy_dev_v32_movsb_v19,rand SPEC2017   ,1       ,0      ,128    ,32768    ,20000  ,32768       ,3.371E+05 ,3.378E+05 ,3.370E+05 ,3.25E+05  ,4.323E+05 ,7.768E+03
memcpy_dev_v32_movsb_v19,rand SPEC2017   ,1       ,0      ,256    ,32768    ,20000  ,32768       ,3.680E+05 ,3.682E+05 ,3.680E+05 ,3.51E+05  ,5.293E+05 ,7.603E+03
memcpy_dev_v32_movsb_v19,rand SPEC2017   ,1       ,32     ,-1     ,32768    ,20000  ,32768       ,3.932E+05 ,3.922E+05 ,3.931E+05 ,3.74E+05  ,5.189E+05 ,8.878E+03
memcpy_dev_v32_movsb_v19,rand SPEC2017   ,1       ,33     ,-1     ,8192     ,80000  ,8192        ,1.105E+05 ,1.101E+05 ,1.104E+05 ,1.05E+05  ,2.002E+05 ,4.224E+03
memcpy_dev_v32_movsb_v19,rand SPEC2017   ,1       ,64     ,-1     ,8192     ,80000  ,8192        ,1.121E+05 ,1.116E+05 ,1.120E+05 ,1.06E+05  ,2.215E+05 ,4.460E+03
memcpy_dev_v32_movsb_v19,rand SPEC2017   ,1       ,65     ,-1     ,8192     ,80000  ,8192        ,1.156E+05 ,1.151E+05 ,1.155E+05 ,1.09E+05  ,2.097E+05 ,4.312E+03
memcpy_dev_v32_movsb_v19,rand SPEC2017   ,1       ,129    ,-1     ,8192     ,80000  ,8192        ,1.225E+05 ,1.227E+05 ,1.225E+05 ,1.17E+05  ,1.814E+05 ,3.981E+03
memcpy_dev_v32_movsb_v19,rand SPEC2017   ,1       ,257    ,-1     ,4096     ,160000 ,4096        ,6.894E+04 ,6.845E+04 ,6.889E+04 ,6.38E+04  ,1.078E+05 ,2.762E+03
memcpy_dev_v32_movsb_v19,rand SPEC2017   ,1       ,0      ,-1     ,65536    ,10000  ,65536       ,9.904E+05 ,9.914E+05 ,9.903E+05 ,9.55E+05  ,1.188E+06 ,1.235E+04
memcpy_dev_v32_movsb_v19,rand SPEC2017   ,2       ,0      ,-1     ,65536    ,10000  ,65536       ,8.802E+05 ,8.761E+05 ,8.801E+05 ,8.44E+05  ,1.321E+06 ,1.916E+04
memcpy_dev_v32_movsb_v19,rand SPEC2017   ,4       ,0      ,-1     ,65536    ,10000  ,65536       ,1.124E+06 ,1.126E+06 ,1.124E+06 ,1.08E+06  ,1.211E+06 ,1.403E+04
memcpy_dev_v32_movsb_v19,rand SPEC2017   ,8       ,0      ,-1     ,65536    ,10000  ,65536       ,1.407E+06 ,1.408E+06 ,1.407E+06 ,1.36E+06  ,1.880E+06 ,1.625E+04
memcpy_dev_v32_movsb_v19,rand SPEC2017   ,16      ,0      ,-1     ,65536    ,10000  ,65536       ,2.415E+06 ,2.418E+06 ,2.415E+06 ,2.36E+06  ,3.198E+06 ,3.932E+04
memcpy_dev_v32_movsb_v19,rand SPEC2017   ,32      ,0      ,-1     ,65536    ,10000  ,65536       ,4.463E+06 ,4.452E+06 ,4.463E+06 ,4.36E+06  ,6.082E+06 ,5.830E+04
memcpy_dev_v32_movsb_v19,rand SPEC2017   ,64      ,0      ,-1     ,65536    ,10000  ,65536       ,9.300E+06 ,9.290E+06 ,9.300E+06 ,9.09E+06  ,1.181E+07 ,7.483E+04
memcpy_dev_v32_movsb_v19,rand SPEC2017   ,128     ,0      ,-1     ,65536    ,10000  ,65536       ,1.910E+07 ,1.910E+07 ,1.910E+07 ,1.88E+07  ,2.423E+07 ,9.946E+04
memcpy_dev_v32_movsb_v19,rand SPEC2017   ,256     ,0      ,-1     ,65536    ,10000  ,65536       ,4.045E+07 ,4.044E+07 ,4.045E+07 ,4.00E+07  ,4.737E+07 ,2.819E+05
memcpy_dev_v32_movsb_v20,rand SPEC2017   ,1       ,16     ,256    ,32768    ,20000  ,32768       ,2.508E+05 ,2.503E+05 ,2.508E+05 ,2.39E+05  ,3.026E+05 ,4.165E+03
memcpy_dev_v32_movsb_v20,rand SPEC2017   ,1       ,32     ,256    ,16384    ,40000  ,16384       ,8.393E+04 ,8.332E+04 ,8.390E+04 ,8.11E+04  ,1.337E+05 ,2.512E+03
memcpy_dev_v32_movsb_v20,rand SPEC2017   ,1       ,33     ,256    ,8192     ,80000  ,8192        ,4.456E+04 ,4.417E+04 ,4.453E+04 ,4.36E+04  ,1.004E+05 ,1.954E+03
memcpy_dev_v32_movsb_v20,rand SPEC2017   ,1       ,16     ,257    ,32768    ,20000  ,32768       ,2.499E+05 ,2.498E+05 ,2.499E+05 ,2.40E+05  ,3.374E+05 ,4.616E+03
memcpy_dev_v32_movsb_v20,rand SPEC2017   ,1       ,32     ,257    ,16384    ,40000  ,16384       ,8.329E+04 ,8.250E+04 ,8.324E+04 ,8.02E+04  ,1.189E+05 ,2.911E+03
memcpy_dev_v32_movsb_v20,rand SPEC2017   ,1       ,33     ,257    ,8192     ,80000  ,8192        ,4.455E+04 ,4.445E+04 ,4.453E+04 ,4.26E+04  ,7.950E+04 ,1.572E+03
memcpy_dev_v32_movsb_v20,rand SPEC2017   ,1       ,0      ,31     ,16384    ,40000  ,16384       ,1.493E+05 ,1.485E+05 ,1.492E+05 ,1.38E+05  ,2.087E+05 ,5.611E+03
memcpy_dev_v32_movsb_v20,rand SPEC2017   ,1       ,0      ,32     ,32768    ,20000  ,32768       ,3.393E+05 ,3.376E+05 ,3.393E+05 ,3.24E+05  ,4.408E+05 ,6.147E+03
memcpy_dev_v32_movsb_v20,rand SPEC2017   ,1       ,0      ,64     ,32768    ,20000  ,32768       ,3.405E+05 ,3.379E+05 ,3.404E+05 ,3.30E+05  ,5.045E+05 ,8.721E+03
memcpy_dev_v32_movsb_v20,rand SPEC2017   ,1       ,0      ,65     ,32768    ,20000  ,32768       ,3.375E+05 ,3.356E+05 ,3.374E+05 ,3.23E+05  ,4.346E+05 ,6.486E+03
memcpy_dev_v32_movsb_v20,rand SPEC2017   ,1       ,0      ,128    ,32768    ,20000  ,32768       ,3.435E+05 ,3.413E+05 ,3.434E+05 ,3.30E+05  ,3.804E+05 ,6.181E+03
memcpy_dev_v32_movsb_v20,rand SPEC2017   ,1       ,0      ,256    ,32768    ,20000  ,32768       ,3.794E+05 ,3.765E+05 ,3.793E+05 ,3.67E+05  ,4.615E+05 ,8.151E+03
memcpy_dev_v32_movsb_v20,rand SPEC2017   ,1       ,32     ,-1     ,32768    ,20000  ,32768       ,3.980E+05 ,3.951E+05 ,3.979E+05 ,3.79E+05  ,5.347E+05 ,9.086E+03
memcpy_dev_v32_movsb_v20,rand SPEC2017   ,1       ,33     ,-1     ,8192     ,80000  ,8192        ,1.155E+05 ,1.150E+05 ,1.154E+05 ,1.09E+05  ,1.761E+05 ,3.503E+03
memcpy_dev_v32_movsb_v20,rand SPEC2017   ,1       ,64     ,-1     ,8192     ,80000  ,8192        ,1.160E+05 ,1.153E+05 ,1.159E+05 ,1.09E+05  ,1.978E+05 ,3.801E+03
memcpy_dev_v32_movsb_v20,rand SPEC2017   ,1       ,65     ,-1     ,8192     ,80000  ,8192        ,1.165E+05 ,1.159E+05 ,1.165E+05 ,1.10E+05  ,1.896E+05 ,3.513E+03
memcpy_dev_v32_movsb_v20,rand SPEC2017   ,1       ,129    ,-1     ,8192     ,80000  ,8192        ,1.237E+05 ,1.236E+05 ,1.237E+05 ,1.18E+05  ,2.030E+05 ,4.048E+03
memcpy_dev_v32_movsb_v20,rand SPEC2017   ,1       ,257    ,-1     ,4096     ,160000 ,4096        ,6.685E+04 ,6.623E+04 ,6.681E+04 ,6.27E+04  ,1.422E+05 ,2.336E+03
memcpy_dev_v32_movsb_v20,rand SPEC2017   ,1       ,0      ,-1     ,65536    ,10000  ,65536       ,9.925E+05 ,9.922E+05 ,9.924E+05 ,9.59E+05  ,1.062E+06 ,9.834E+03
memcpy_dev_v32_movsb_v20,rand SPEC2017   ,2       ,0      ,-1     ,65536    ,10000  ,65536       ,8.813E+05 ,8.793E+05 ,8.811E+05 ,8.45E+05  ,1.230E+06 ,1.893E+04
memcpy_dev_v32_movsb_v20,rand SPEC2017   ,4       ,0      ,-1     ,65536    ,10000  ,65536       ,1.123E+06 ,1.126E+06 ,1.123E+06 ,1.08E+06  ,1.197E+06 ,1.552E+04
memcpy_dev_v32_movsb_v20,rand SPEC2017   ,8       ,0      ,-1     ,65536    ,10000  ,65536       ,1.401E+06 ,1.404E+06 ,1.401E+06 ,1.35E+06  ,1.648E+06 ,1.616E+04
memcpy_dev_v32_movsb_v20,rand SPEC2017   ,16      ,0      ,-1     ,65536    ,10000  ,65536       ,2.420E+06 ,2.426E+06 ,2.420E+06 ,2.36E+06  ,3.047E+06 ,3.918E+04
memcpy_dev_v32_movsb_v20,rand SPEC2017   ,32      ,0      ,-1     ,65536    ,10000  ,65536       ,4.480E+06 ,4.477E+06 ,4.480E+06 ,4.35E+06  ,4.945E+06 ,2.439E+04
memcpy_dev_v32_movsb_v20,rand SPEC2017   ,64      ,0      ,-1     ,65536    ,10000  ,65536       ,9.289E+06 ,9.289E+06 ,9.289E+06 ,9.09E+06  ,1.225E+07 ,7.130E+04
memcpy_dev_v32_movsb_v20,rand SPEC2017   ,128     ,0      ,-1     ,65536    ,10000  ,65536       ,1.917E+07 ,1.917E+07 ,1.917E+07 ,1.89E+07  ,2.168E+07 ,1.128E+05
memcpy_dev_v32_movsb_v20,rand SPEC2017   ,256     ,0      ,-1     ,65536    ,10000  ,65536       ,4.064E+07 ,4.064E+07 ,4.064E+07 ,4.02E+07  ,4.848E+07 ,2.194E+05
memcpy_dev_v32_movsb_v21,rand SPEC2017   ,1       ,16     ,256    ,32768    ,20000  ,32768       ,2.438E+05 ,2.438E+05 ,2.437E+05 ,2.32E+05  ,2.846E+05 ,4.013E+03
memcpy_dev_v32_movsb_v21,rand SPEC2017   ,1       ,32     ,256    ,16384    ,40000  ,16384       ,8.491E+04 ,8.492E+04 ,8.486E+04 ,8.07E+04  ,1.248E+05 ,3.053E+03
memcpy_dev_v32_movsb_v21,rand SPEC2017   ,1       ,33     ,256    ,8192     ,80000  ,8192        ,4.451E+04 ,4.394E+04 ,4.447E+04 ,4.33E+04  ,8.616E+04 ,2.122E+03
memcpy_dev_v32_movsb_v21,rand SPEC2017   ,1       ,16     ,257    ,32768    ,20000  ,32768       ,2.478E+05 ,2.470E+05 ,2.475E+05 ,2.34E+05  ,1.174E+06 ,1.557E+04
memcpy_dev_v32_movsb_v21,rand SPEC2017   ,1       ,32     ,257    ,16384    ,40000  ,16384       ,8.663E+04 ,8.643E+04 ,8.660E+04 ,8.21E+04  ,1.498E+05 ,2.448E+03
memcpy_dev_v32_movsb_v21,rand SPEC2017   ,1       ,33     ,257    ,8192     ,80000  ,8192        ,4.540E+04 ,4.475E+04 ,4.535E+04 ,4.40E+04  ,9.155E+04 ,2.276E+03
memcpy_dev_v32_movsb_v21,rand SPEC2017   ,1       ,0      ,31     ,16384    ,40000  ,16384       ,1.499E+05 ,1.492E+05 ,1.499E+05 ,1.40E+05  ,2.038E+05 ,4.983E+03
memcpy_dev_v32_movsb_v21,rand SPEC2017   ,1       ,0      ,32     ,32768    ,20000  ,32768       ,3.379E+05 ,3.366E+05 ,3.378E+05 ,3.24E+05  ,3.804E+05 ,5.248E+03
memcpy_dev_v32_movsb_v21,rand SPEC2017   ,1       ,0      ,64     ,32768    ,20000  ,32768       ,3.370E+05 ,3.349E+05 ,3.369E+05 ,3.23E+05  ,4.159E+05 ,6.626E+03
memcpy_dev_v32_movsb_v21,rand SPEC2017   ,1       ,0      ,65     ,32768    ,20000  ,32768       ,3.379E+05 ,3.355E+05 ,3.379E+05 ,3.22E+05  ,4.544E+05 ,7.733E+03
memcpy_dev_v32_movsb_v21,rand SPEC2017   ,1       ,0      ,128    ,32768    ,20000  ,32768       ,3.454E+05 ,3.428E+05 ,3.453E+05 ,3.34E+05  ,4.370E+05 ,7.118E+03
memcpy_dev_v32_movsb_v21,rand SPEC2017   ,1       ,0      ,256    ,32768    ,20000  ,32768       ,3.783E+05 ,3.755E+05 ,3.782E+05 ,3.66E+05  ,4.385E+05 ,8.337E+03
memcpy_dev_v32_movsb_v21,rand SPEC2017   ,1       ,32     ,-1     ,32768    ,20000  ,32768       ,3.988E+05 ,3.960E+05 ,3.987E+05 ,3.83E+05  ,5.242E+05 ,9.369E+03
memcpy_dev_v32_movsb_v21,rand SPEC2017   ,1       ,33     ,-1     ,8192     ,80000  ,8192        ,1.119E+05 ,1.113E+05 ,1.119E+05 ,1.07E+05  ,1.616E+05 ,2.775E+03
memcpy_dev_v32_movsb_v21,rand SPEC2017   ,1       ,64     ,-1     ,8192     ,80000  ,8192        ,1.145E+05 ,1.142E+05 ,1.144E+05 ,1.09E+05  ,1.909E+05 ,2.686E+03
memcpy_dev_v32_movsb_v21,rand SPEC2017   ,1       ,65     ,-1     ,8192     ,80000  ,8192        ,1.158E+05 ,1.154E+05 ,1.158E+05 ,1.10E+05  ,1.968E+05 ,2.782E+03
memcpy_dev_v32_movsb_v21,rand SPEC2017   ,1       ,129    ,-1     ,8192     ,80000  ,8192        ,1.239E+05 ,1.236E+05 ,1.239E+05 ,1.18E+05  ,2.375E+05 ,3.111E+03
memcpy_dev_v32_movsb_v21,rand SPEC2017   ,1       ,257    ,-1     ,4096     ,160000 ,4096        ,6.656E+04 ,6.589E+04 ,6.652E+04 ,6.22E+04  ,1.292E+05 ,2.288E+03
memcpy_dev_v32_movsb_v21,rand SPEC2017   ,1       ,0      ,-1     ,65536    ,10000  ,65536       ,9.942E+05 ,9.894E+05 ,9.941E+05 ,9.55E+05  ,1.333E+06 ,1.609E+04
memcpy_dev_v32_movsb_v21,rand SPEC2017   ,2       ,0      ,-1     ,65536    ,10000  ,65536       ,8.810E+05 ,8.768E+05 ,8.809E+05 ,8.49E+05  ,1.139E+06 ,1.349E+04
memcpy_dev_v32_movsb_v21,rand SPEC2017   ,4       ,0      ,-1     ,65536    ,10000  ,65536       ,1.124E+06 ,1.126E+06 ,1.124E+06 ,1.08E+06  ,1.196E+06 ,1.252E+04
memcpy_dev_v32_movsb_v21,rand SPEC2017   ,8       ,0      ,-1     ,65536    ,10000  ,65536       ,1.402E+06 ,1.399E+06 ,1.402E+06 ,1.35E+06  ,1.846E+06 ,1.693E+04
memcpy_dev_v32_movsb_v21,rand SPEC2017   ,16      ,0      ,-1     ,65536    ,10000  ,65536       ,2.410E+06 ,2.425E+06 ,2.409E+06 ,2.35E+06  ,3.142E+06 ,3.864E+04
memcpy_dev_v32_movsb_v21,rand SPEC2017   ,32      ,0      ,-1     ,65536    ,10000  ,65536       ,4.550E+06 ,4.539E+06 ,4.550E+06 ,4.43E+06  ,5.968E+06 ,4.554E+04
memcpy_dev_v32_movsb_v21,rand SPEC2017   ,64      ,0      ,-1     ,65536    ,10000  ,65536       ,9.288E+06 ,9.289E+06 ,9.288E+06 ,9.12E+06  ,1.147E+07 ,4.781E+04
memcpy_dev_v32_movsb_v21,rand SPEC2017   ,128     ,0      ,-1     ,65536    ,10000  ,65536       ,1.912E+07 ,1.912E+07 ,1.912E+07 ,1.89E+07  ,2.512E+07 ,1.647E+05
memcpy_dev_v32_movsb_v21,rand SPEC2017   ,256     ,0      ,-1     ,65536    ,10000  ,65536       ,4.061E+07 ,4.060E+07 ,4.061E+07 ,4.02E+07  ,4.958E+07 ,3.354E+05
memcpy_dev_v32_movsb_v22,rand SPEC2017   ,1       ,16     ,256    ,32768    ,20000  ,32768       ,2.542E+05 ,2.528E+05 ,2.541E+05 ,2.42E+05  ,3.951E+05 ,7.560E+03
memcpy_dev_v32_movsb_v22,rand SPEC2017   ,1       ,32     ,256    ,16384    ,40000  ,16384       ,8.558E+04 ,8.461E+04 ,8.553E+04 ,8.16E+04  ,1.234E+05 ,3.225E+03
memcpy_dev_v32_movsb_v22,rand SPEC2017   ,1       ,33     ,256    ,8192     ,80000  ,8192        ,4.654E+04 ,4.590E+04 ,4.650E+04 ,4.51E+04  ,8.177E+04 ,2.271E+03
memcpy_dev_v32_movsb_v22,rand SPEC2017   ,1       ,16     ,257    ,32768    ,20000  ,32768       ,2.543E+05 ,2.531E+05 ,2.542E+05 ,2.42E+05  ,4.562E+05 ,8.328E+03
memcpy_dev_v32_movsb_v22,rand SPEC2017   ,1       ,32     ,257    ,16384    ,40000  ,16384       ,8.467E+04 ,8.425E+04 ,8.465E+04 ,8.06E+04  ,1.134E+05 ,1.899E+03
memcpy_dev_v32_movsb_v22,rand SPEC2017   ,1       ,33     ,257    ,8192     ,80000  ,8192        ,4.806E+04 ,4.805E+04 ,4.805E+04 ,4.60E+04  ,8.068E+04 ,1.417E+03
memcpy_dev_v32_movsb_v22,rand SPEC2017   ,1       ,0      ,31     ,16384    ,40000  ,16384       ,1.345E+05 ,1.344E+05 ,1.345E+05 ,1.27E+05  ,1.815E+05 ,2.910E+03
memcpy_dev_v32_movsb_v22,rand SPEC2017   ,1       ,0      ,32     ,32768    ,20000  ,32768       ,3.359E+05 ,3.336E+05 ,3.358E+05 ,3.26E+05  ,4.562E+05 ,7.037E+03
memcpy_dev_v32_movsb_v22,rand SPEC2017   ,1       ,0      ,64     ,32768    ,20000  ,32768       ,3.360E+05 ,3.331E+05 ,3.359E+05 ,3.20E+05  ,5.068E+05 ,8.861E+03
memcpy_dev_v32_movsb_v22,rand SPEC2017   ,1       ,0      ,65     ,32768    ,20000  ,32768       ,3.351E+05 ,3.329E+05 ,3.350E+05 ,3.20E+05  ,5.623E+05 ,8.580E+03
memcpy_dev_v32_movsb_v22,rand SPEC2017   ,1       ,0      ,128    ,32768    ,20000  ,32768       ,3.420E+05 ,3.404E+05 ,3.420E+05 ,3.30E+05  ,5.475E+05 ,6.073E+03
memcpy_dev_v32_movsb_v22,rand SPEC2017   ,1       ,0      ,256    ,32768    ,20000  ,32768       ,3.761E+05 ,3.734E+05 ,3.760E+05 ,3.64E+05  ,6.208E+05 ,9.125E+03
memcpy_dev_v32_movsb_v22,rand SPEC2017   ,1       ,32     ,-1     ,32768    ,20000  ,32768       ,4.003E+05 ,3.979E+05 ,4.001E+05 ,3.86E+05  ,6.947E+05 ,1.206E+04
memcpy_dev_v32_movsb_v22,rand SPEC2017   ,1       ,33     ,-1     ,8192     ,80000  ,8192        ,1.110E+05 ,1.103E+05 ,1.110E+05 ,1.06E+05  ,2.018E+05 ,3.654E+03
memcpy_dev_v32_movsb_v22,rand SPEC2017   ,1       ,64     ,-1     ,8192     ,80000  ,8192        ,1.136E+05 ,1.129E+05 ,1.135E+05 ,1.07E+05  ,1.674E+05 ,2.994E+03
memcpy_dev_v32_movsb_v22,rand SPEC2017   ,1       ,65     ,-1     ,8192     ,80000  ,8192        ,1.157E+05 ,1.149E+05 ,1.157E+05 ,1.09E+05  ,1.984E+05 ,3.251E+03
memcpy_dev_v32_movsb_v22,rand SPEC2017   ,1       ,129    ,-1     ,8192     ,80000  ,8192        ,1.222E+05 ,1.220E+05 ,1.222E+05 ,1.17E+05  ,1.780E+05 ,3.118E+03
memcpy_dev_v32_movsb_v22,rand SPEC2017   ,1       ,257    ,-1     ,4096     ,160000 ,4096        ,6.667E+04 ,6.594E+04 ,6.663E+04 ,6.27E+04  ,1.109E+05 ,2.371E+03
memcpy_dev_v32_movsb_v22,rand SPEC2017   ,1       ,0      ,-1     ,65536    ,10000  ,65536       ,9.951E+05 ,9.903E+05 ,9.950E+05 ,9.56E+05  ,1.242E+06 ,1.392E+04
memcpy_dev_v32_movsb_v22,rand SPEC2017   ,2       ,0      ,-1     ,65536    ,10000  ,65536       ,8.830E+05 ,8.798E+05 ,8.829E+05 ,8.48E+05  ,1.217E+06 ,1.346E+04
memcpy_dev_v32_movsb_v22,rand SPEC2017   ,4       ,0      ,-1     ,65536    ,10000  ,65536       ,1.127E+06 ,1.126E+06 ,1.127E+06 ,1.08E+06  ,1.458E+06 ,1.378E+04
memcpy_dev_v32_movsb_v22,rand SPEC2017   ,8       ,0      ,-1     ,65536    ,10000  ,65536       ,1.411E+06 ,1.409E+06 ,1.411E+06 ,1.36E+06  ,1.920E+06 ,1.690E+04
memcpy_dev_v32_movsb_v22,rand SPEC2017   ,16      ,0      ,-1     ,65536    ,10000  ,65536       ,2.430E+06 ,2.445E+06 ,2.429E+06 ,2.36E+06  ,2.973E+06 ,3.577E+04
memcpy_dev_v32_movsb_v22,rand SPEC2017   ,32      ,0      ,-1     ,65536    ,10000  ,65536       ,4.472E+06 ,4.456E+06 ,4.472E+06 ,4.38E+06  ,6.113E+06 ,5.841E+04
memcpy_dev_v32_movsb_v22,rand SPEC2017   ,64      ,0      ,-1     ,65536    ,10000  ,65536       ,9.290E+06 ,9.287E+06 ,9.289E+06 ,9.12E+06  ,1.239E+07 ,7.729E+04
memcpy_dev_v32_movsb_v22,rand SPEC2017   ,128     ,0      ,-1     ,65536    ,10000  ,65536       ,1.930E+07 ,1.931E+07 ,1.930E+07 ,1.90E+07  ,2.346E+07 ,1.031E+05
memcpy_dev_v32_movsb_v22,rand SPEC2017   ,256     ,0      ,-1     ,65536    ,10000  ,65536       ,4.118E+07 ,4.116E+07 ,4.118E+07 ,4.09E+07  ,4.927E+07 ,3.288E+05
memcpy_glibc_v32_movsb  ,rand SPEC2017   ,1       ,16     ,256    ,32768    ,20000  ,32768       ,2.636E+05 ,2.619E+05 ,2.635E+05 ,2.50E+05  ,3.611E+05 ,6.265E+03
memcpy_glibc_v32_movsb  ,rand SPEC2017   ,1       ,32     ,256    ,16384    ,40000  ,16384       ,8.773E+04 ,8.772E+04 ,8.765E+04 ,8.34E+04  ,1.803E+05 ,4.095E+03
memcpy_glibc_v32_movsb  ,rand SPEC2017   ,1       ,33     ,256    ,8192     ,80000  ,8192        ,4.548E+04 ,4.548E+04 ,4.544E+04 ,4.35E+04  ,7.918E+04 ,2.019E+03
memcpy_glibc_v32_movsb  ,rand SPEC2017   ,1       ,16     ,257    ,32768    ,20000  ,32768       ,2.621E+05 ,2.606E+05 ,2.620E+05 ,2.47E+05  ,3.571E+05 ,5.968E+03
memcpy_glibc_v32_movsb  ,rand SPEC2017   ,1       ,32     ,257    ,16384    ,40000  ,16384       ,8.728E+04 ,8.641E+04 ,8.723E+04 ,8.37E+04  ,1.320E+05 ,3.047E+03
memcpy_glibc_v32_movsb  ,rand SPEC2017   ,1       ,33     ,257    ,8192     ,80000  ,8192        ,4.622E+04 ,4.613E+04 ,4.617E+04 ,4.40E+04  ,9.706E+04 ,2.462E+03
memcpy_glibc_v32_movsb  ,rand SPEC2017   ,1       ,0      ,31     ,16384    ,40000  ,16384       ,1.614E+05 ,1.606E+05 ,1.613E+05 ,1.49E+05  ,2.376E+05 ,5.477E+03
memcpy_glibc_v32_movsb  ,rand SPEC2017   ,1       ,0      ,32     ,32768    ,20000  ,32768       ,3.445E+05 ,3.421E+05 ,3.444E+05 ,3.34E+05  ,4.659E+05 ,7.346E+03
memcpy_glibc_v32_movsb  ,rand SPEC2017   ,1       ,0      ,64     ,32768    ,20000  ,32768       ,3.442E+05 ,3.417E+05 ,3.441E+05 ,3.31E+05  ,5.072E+05 ,8.582E+03
memcpy_glibc_v32_movsb  ,rand SPEC2017   ,1       ,0      ,65     ,32768    ,20000  ,32768       ,3.480E+05 ,3.467E+05 ,3.477E+05 ,3.33E+05  ,5.508E+05 ,1.531E+04
memcpy_glibc_v32_movsb  ,rand SPEC2017   ,1       ,0      ,128    ,32768    ,20000  ,32768       ,3.515E+05 ,3.485E+05 ,3.513E+05 ,3.39E+05  ,5.319E+05 ,1.076E+04
memcpy_glibc_v32_movsb  ,rand SPEC2017   ,1       ,0      ,256    ,32768    ,20000  ,32768       ,3.942E+05 ,3.923E+05 ,3.941E+05 ,3.76E+05  ,5.896E+05 ,9.442E+03
memcpy_glibc_v32_movsb  ,rand SPEC2017   ,1       ,32     ,-1     ,32768    ,20000  ,32768       ,4.164E+05 ,4.159E+05 ,4.163E+05 ,3.98E+05  ,5.443E+05 ,8.009E+03
memcpy_glibc_v32_movsb  ,rand SPEC2017   ,1       ,33     ,-1     ,8192     ,80000  ,8192        ,1.217E+05 ,1.211E+05 ,1.216E+05 ,1.15E+05  ,2.278E+05 ,5.146E+03
memcpy_glibc_v32_movsb  ,rand SPEC2017   ,1       ,64     ,-1     ,8192     ,80000  ,8192        ,1.232E+05 ,1.224E+05 ,1.231E+05 ,1.16E+05  ,2.343E+05 ,5.293E+03
memcpy_glibc_v32_movsb  ,rand SPEC2017   ,1       ,65     ,-1     ,8192     ,80000  ,8192        ,1.243E+05 ,1.237E+05 ,1.242E+05 ,1.17E+05  ,1.902E+05 ,4.688E+03
memcpy_glibc_v32_movsb  ,rand SPEC2017   ,1       ,129    ,-1     ,8192     ,80000  ,8192        ,1.330E+05 ,1.314E+05 ,1.330E+05 ,1.28E+05  ,1.858E+05 ,4.233E+03
memcpy_glibc_v32_movsb  ,rand SPEC2017   ,1       ,257    ,-1     ,4096     ,160000 ,4096        ,6.891E+04 ,6.887E+04 ,6.884E+04 ,6.58E+04  ,1.562E+05 ,3.209E+03
memcpy_glibc_v32_movsb  ,rand SPEC2017   ,1       ,0      ,-1     ,65536    ,10000  ,65536       ,1.029E+06 ,1.020E+06 ,1.029E+06 ,1.01E+06  ,1.089E+06 ,1.711E+04
memcpy_glibc_v32_movsb  ,rand SPEC2017   ,2       ,0      ,-1     ,65536    ,10000  ,65536       ,9.234E+05 ,9.174E+05 ,9.232E+05 ,8.95E+05  ,1.311E+06 ,2.176E+04
memcpy_glibc_v32_movsb  ,rand SPEC2017   ,4       ,0      ,-1     ,65536    ,10000  ,65536       ,1.181E+06 ,1.176E+06 ,1.181E+06 ,1.14E+06  ,1.338E+06 ,1.618E+04
memcpy_glibc_v32_movsb  ,rand SPEC2017   ,8       ,0      ,-1     ,65536    ,10000  ,65536       ,1.468E+06 ,1.460E+06 ,1.468E+06 ,1.43E+06  ,1.944E+06 ,2.470E+04
memcpy_glibc_v32_movsb  ,rand SPEC2017   ,16      ,0      ,-1     ,65536    ,10000  ,65536       ,2.540E+06 ,2.540E+06 ,2.540E+06 ,2.45E+06  ,3.757E+06 ,3.958E+04
memcpy_glibc_v32_movsb  ,rand SPEC2017   ,32      ,0      ,-1     ,65536    ,10000  ,65536       ,4.637E+06 ,4.641E+06 ,4.637E+06 ,4.55E+06  ,6.669E+06 ,7.447E+04
memcpy_glibc_v32_movsb  ,rand SPEC2017   ,64      ,0      ,-1     ,65536    ,10000  ,65536       ,9.453E+06 ,9.404E+06 ,9.452E+06 ,9.31E+06  ,1.319E+07 ,1.234E+05
memcpy_glibc_v32_movsb  ,rand SPEC2017   ,128     ,0      ,-1     ,65536    ,10000  ,65536       ,1.937E+07 ,1.936E+07 ,1.937E+07 ,1.92E+07  ,2.472E+07 ,1.171E+05
memcpy_glibc_v32_movsb  ,rand SPEC2017   ,256     ,0      ,-1     ,65536    ,10000  ,65536       ,4.203E+07 ,4.200E+07 ,4.203E+07 ,4.17E+07  ,4.899E+07 ,2.147E+05
memcpy_dev_v32_movsb_v19,rand SPEC2017   ,1       ,16     ,256    ,32768    ,20000  ,32768       ,2.567E+05 ,2.550E+05 ,2.566E+05 ,2.44E+05  ,3.925E+05 ,8.314E+03
memcpy_dev_v32_movsb_v19,rand SPEC2017   ,1       ,32     ,256    ,16384    ,40000  ,16384       ,8.596E+04 ,8.610E+04 ,8.590E+04 ,8.21E+04  ,1.440E+05 ,3.397E+03
memcpy_dev_v32_movsb_v19,rand SPEC2017   ,1       ,33     ,256    ,8192     ,80000  ,8192        ,4.486E+04 ,4.422E+04 ,4.481E+04 ,4.35E+04  ,1.000E+05 ,2.324E+03
memcpy_dev_v32_movsb_v19,rand SPEC2017   ,1       ,16     ,257    ,32768    ,20000  ,32768       ,2.550E+05 ,2.541E+05 ,2.549E+05 ,2.43E+05  ,3.078E+05 ,5.343E+03
memcpy_dev_v32_movsb_v19,rand SPEC2017   ,1       ,32     ,257    ,16384    ,40000  ,16384       ,8.458E+04 ,8.382E+04 ,8.454E+04 ,8.17E+04  ,1.568E+05 ,2.726E+03
memcpy_dev_v32_movsb_v19,rand SPEC2017   ,1       ,33     ,257    ,8192     ,80000  ,8192        ,4.419E+04 ,4.403E+04 ,4.418E+04 ,4.23E+04  ,9.056E+04 ,1.275E+03
memcpy_dev_v32_movsb_v19,rand SPEC2017   ,1       ,0      ,31     ,16384    ,40000  ,16384       ,1.351E+05 ,1.347E+05 ,1.350E+05 ,1.29E+05  ,2.087E+05 ,3.887E+03
memcpy_dev_v32_movsb_v19,rand SPEC2017   ,1       ,0      ,32     ,32768    ,20000  ,32768       ,3.348E+05 ,3.324E+05 ,3.347E+05 ,3.27E+05  ,3.823E+05 ,6.237E+03
memcpy_dev_v32_movsb_v19,rand SPEC2017   ,1       ,0      ,64     ,32768    ,20000  ,32768       ,3.351E+05 ,3.332E+05 ,3.350E+05 ,3.25E+05  ,3.808E+05 ,6.489E+03
memcpy_dev_v32_movsb_v19,rand SPEC2017   ,1       ,0      ,65     ,32768    ,20000  ,32768       ,3.361E+05 ,3.339E+05 ,3.360E+05 ,3.27E+05  ,5.133E+05 ,6.704E+03
memcpy_dev_v32_movsb_v19,rand SPEC2017   ,1       ,0      ,128    ,32768    ,20000  ,32768       ,3.433E+05 ,3.407E+05 ,3.432E+05 ,3.29E+05  ,4.719E+05 ,7.345E+03
memcpy_dev_v32_movsb_v19,rand SPEC2017   ,1       ,0      ,256    ,32768    ,20000  ,32768       ,3.731E+05 ,3.705E+05 ,3.730E+05 ,3.60E+05  ,4.184E+05 ,8.077E+03
memcpy_dev_v32_movsb_v19,rand SPEC2017   ,1       ,32     ,-1     ,32768    ,20000  ,32768       ,4.025E+05 ,4.006E+05 ,4.024E+05 ,3.86E+05  ,5.650E+05 ,1.046E+04
memcpy_dev_v32_movsb_v19,rand SPEC2017   ,1       ,33     ,-1     ,8192     ,80000  ,8192        ,1.131E+05 ,1.122E+05 ,1.131E+05 ,1.07E+05  ,1.606E+05 ,3.311E+03
memcpy_dev_v32_movsb_v19,rand SPEC2017   ,1       ,64     ,-1     ,8192     ,80000  ,8192        ,1.159E+05 ,1.149E+05 ,1.158E+05 ,1.09E+05  ,2.033E+05 ,4.432E+03
memcpy_dev_v32_movsb_v19,rand SPEC2017   ,1       ,65     ,-1     ,8192     ,80000  ,8192        ,1.160E+05 ,1.147E+05 ,1.159E+05 ,1.11E+05  ,2.186E+05 ,4.645E+03
memcpy_dev_v32_movsb_v19,rand SPEC2017   ,1       ,129    ,-1     ,8192     ,80000  ,8192        ,1.239E+05 ,1.229E+05 ,1.238E+05 ,1.17E+05  ,2.436E+05 ,3.906E+03
memcpy_dev_v32_movsb_v19,rand SPEC2017   ,1       ,257    ,-1     ,4096     ,160000 ,4096        ,6.889E+04 ,6.832E+04 ,6.884E+04 ,6.38E+04  ,1.616E+05 ,2.960E+03
memcpy_dev_v32_movsb_v19,rand SPEC2017   ,1       ,0      ,-1     ,65536    ,10000  ,65536       ,1.007E+06 ,9.982E+05 ,1.007E+06 ,9.80E+05  ,1.242E+06 ,1.872E+04
memcpy_dev_v32_movsb_v19,rand SPEC2017   ,2       ,0      ,-1     ,65536    ,10000  ,65536       ,8.954E+05 ,8.883E+05 ,8.953E+05 ,8.69E+05  ,1.140E+06 ,1.730E+04
memcpy_dev_v32_movsb_v19,rand SPEC2017   ,4       ,0      ,-1     ,65536    ,10000  ,65536       ,1.138E+06 ,1.133E+06 ,1.138E+06 ,1.09E+06  ,1.448E+06 ,1.831E+04
memcpy_dev_v32_movsb_v19,rand SPEC2017   ,8       ,0      ,-1     ,65536    ,10000  ,65536       ,1.418E+06 ,1.411E+06 ,1.418E+06 ,1.36E+06  ,1.765E+06 ,2.241E+04
memcpy_dev_v32_movsb_v19,rand SPEC2017   ,16      ,0      ,-1     ,65536    ,10000  ,65536       ,2.437E+06 ,2.445E+06 ,2.437E+06 ,2.36E+06  ,2.719E+06 ,2.926E+04
memcpy_dev_v32_movsb_v19,rand SPEC2017   ,32      ,0      ,-1     ,65536    ,10000  ,65536       ,4.500E+06 ,4.467E+06 ,4.500E+06 ,4.43E+06  ,5.363E+06 ,5.858E+04
memcpy_dev_v32_movsb_v19,rand SPEC2017   ,64      ,0      ,-1     ,65536    ,10000  ,65536       ,9.319E+06 ,9.293E+06 ,9.318E+06 ,9.17E+06  ,1.295E+07 ,1.322E+05
memcpy_dev_v32_movsb_v19,rand SPEC2017   ,128     ,0      ,-1     ,65536    ,10000  ,65536       ,1.916E+07 ,1.912E+07 ,1.915E+07 ,1.89E+07  ,2.705E+07 ,2.060E+05
memcpy_dev_v32_movsb_v19,rand SPEC2017   ,256     ,0      ,-1     ,65536    ,10000  ,65536       ,4.095E+07 ,4.093E+07 ,4.095E+07 ,4.06E+07  ,4.856E+07 ,2.329E+05
memcpy_dev_v32_movsb_v20,rand SPEC2017   ,1       ,16     ,256    ,32768    ,20000  ,32768       ,2.547E+05 ,2.515E+05 ,2.545E+05 ,2.47E+05  ,3.927E+05 ,9.418E+03
memcpy_dev_v32_movsb_v20,rand SPEC2017   ,1       ,32     ,256    ,16384    ,40000  ,16384       ,8.550E+04 ,8.557E+04 ,8.544E+04 ,8.14E+04  ,1.335E+05 ,3.338E+03
memcpy_dev_v32_movsb_v20,rand SPEC2017   ,1       ,33     ,256    ,8192     ,80000  ,8192        ,4.696E+04 ,4.629E+04 ,4.692E+04 ,4.53E+04  ,9.208E+04 ,2.302E+03
memcpy_dev_v32_movsb_v20,rand SPEC2017   ,1       ,16     ,257    ,32768    ,20000  ,32768       ,2.530E+05 ,2.509E+05 ,2.530E+05 ,2.46E+05  ,2.975E+05 ,5.610E+03
memcpy_dev_v32_movsb_v20,rand SPEC2017   ,1       ,32     ,257    ,16384    ,40000  ,16384       ,8.466E+04 ,8.386E+04 ,8.461E+04 ,8.11E+04  ,1.223E+05 ,3.174E+03
memcpy_dev_v32_movsb_v20,rand SPEC2017   ,1       ,33     ,257    ,8192     ,80000  ,8192        ,4.482E+04 ,4.429E+04 ,4.479E+04 ,4.36E+04  ,8.310E+04 ,2.021E+03
memcpy_dev_v32_movsb_v20,rand SPEC2017   ,1       ,0      ,31     ,16384    ,40000  ,16384       ,1.469E+05 ,1.460E+05 ,1.469E+05 ,1.37E+05  ,1.952E+05 ,4.702E+03
memcpy_dev_v32_movsb_v20,rand SPEC2017   ,1       ,0      ,32     ,32768    ,20000  ,32768       ,3.398E+05 ,3.373E+05 ,3.397E+05 ,3.30E+05  ,3.889E+05 ,7.079E+03
memcpy_dev_v32_movsb_v20,rand SPEC2017   ,1       ,0      ,64     ,32768    ,20000  ,32768       ,3.421E+05 ,3.409E+05 ,3.420E+05 ,3.29E+05  ,4.792E+05 ,8.821E+03
memcpy_dev_v32_movsb_v20,rand SPEC2017   ,1       ,0      ,65     ,32768    ,20000  ,32768       ,3.411E+05 ,3.392E+05 ,3.411E+05 ,3.29E+05  ,3.985E+05 ,7.923E+03
memcpy_dev_v32_movsb_v20,rand SPEC2017   ,1       ,0      ,128    ,32768    ,20000  ,32768       ,3.453E+05 ,3.423E+05 ,3.453E+05 ,3.36E+05  ,4.153E+05 ,7.393E+03
memcpy_dev_v32_movsb_v20,rand SPEC2017   ,1       ,0      ,256    ,32768    ,20000  ,32768       ,3.779E+05 ,3.791E+05 ,3.778E+05 ,3.64E+05  ,4.601E+05 ,7.597E+03
memcpy_dev_v32_movsb_v20,rand SPEC2017   ,1       ,32     ,-1     ,32768    ,20000  ,32768       ,4.028E+05 ,4.022E+05 ,4.026E+05 ,3.86E+05  ,5.366E+05 ,9.945E+03
memcpy_dev_v32_movsb_v20,rand SPEC2017   ,1       ,33     ,-1     ,8192     ,80000  ,8192        ,1.139E+05 ,1.128E+05 ,1.138E+05 ,1.10E+05  ,1.594E+05 ,3.746E+03
memcpy_dev_v32_movsb_v20,rand SPEC2017   ,1       ,64     ,-1     ,8192     ,80000  ,8192        ,1.170E+05 ,1.159E+05 ,1.170E+05 ,1.10E+05  ,1.690E+05 ,4.090E+03
memcpy_dev_v32_movsb_v20,rand SPEC2017   ,1       ,65     ,-1     ,8192     ,80000  ,8192        ,1.170E+05 ,1.160E+05 ,1.170E+05 ,1.11E+05  ,1.758E+05 ,3.439E+03
memcpy_dev_v32_movsb_v20,rand SPEC2017   ,1       ,129    ,-1     ,8192     ,80000  ,8192        ,1.245E+05 ,1.238E+05 ,1.245E+05 ,1.18E+05  ,1.674E+05 ,2.996E+03
memcpy_dev_v32_movsb_v20,rand SPEC2017   ,1       ,257    ,-1     ,4096     ,160000 ,4096        ,6.758E+04 ,6.687E+04 ,6.752E+04 ,6.43E+04  ,1.369E+05 ,3.075E+03
memcpy_dev_v32_movsb_v20,rand SPEC2017   ,1       ,0      ,-1     ,65536    ,10000  ,65536       ,1.001E+06 ,9.922E+05 ,1.001E+06 ,9.80E+05  ,1.066E+06 ,1.673E+04
memcpy_dev_v32_movsb_v20,rand SPEC2017   ,2       ,0      ,-1     ,65536    ,10000  ,65536       ,8.914E+05 ,8.872E+05 ,8.912E+05 ,8.67E+05  ,1.308E+06 ,2.067E+04
memcpy_dev_v32_movsb_v20,rand SPEC2017   ,4       ,0      ,-1     ,65536    ,10000  ,65536       ,1.139E+06 ,1.131E+06 ,1.139E+06 ,1.11E+06  ,1.214E+06 ,1.746E+04
memcpy_dev_v32_movsb_v20,rand SPEC2017   ,8       ,0      ,-1     ,65536    ,10000  ,65536       ,1.416E+06 ,1.406E+06 ,1.416E+06 ,1.36E+06  ,2.164E+06 ,2.948E+04
memcpy_dev_v32_movsb_v20,rand SPEC2017   ,16      ,0      ,-1     ,65536    ,10000  ,65536       ,2.442E+06 ,2.448E+06 ,2.441E+06 ,2.36E+06  ,3.385E+06 ,4.110E+04
memcpy_dev_v32_movsb_v20,rand SPEC2017   ,32      ,0      ,-1     ,65536    ,10000  ,65536       ,4.522E+06 ,4.492E+06 ,4.521E+06 ,4.44E+06  ,6.799E+06 ,9.555E+04
memcpy_dev_v32_movsb_v20,rand SPEC2017   ,64      ,0      ,-1     ,65536    ,10000  ,65536       ,9.313E+06 ,9.288E+06 ,9.313E+06 ,9.17E+06  ,1.123E+07 ,7.444E+04
memcpy_dev_v32_movsb_v20,rand SPEC2017   ,128     ,0      ,-1     ,65536    ,10000  ,65536       ,1.913E+07 ,1.912E+07 ,1.913E+07 ,1.89E+07  ,2.231E+07 ,1.066E+05
memcpy_dev_v32_movsb_v20,rand SPEC2017   ,256     ,0      ,-1     ,65536    ,10000  ,65536       ,4.087E+07 ,4.082E+07 ,4.087E+07 ,4.05E+07  ,4.890E+07 ,3.021E+05
memcpy_dev_v32_movsb_v21,rand SPEC2017   ,1       ,16     ,256    ,32768    ,20000  ,32768       ,2.492E+05 ,2.485E+05 ,2.491E+05 ,2.37E+05  ,3.519E+05 ,7.430E+03
memcpy_dev_v32_movsb_v21,rand SPEC2017   ,1       ,32     ,256    ,16384    ,40000  ,16384       ,8.608E+04 ,8.568E+04 ,8.597E+04 ,8.16E+04  ,1.580E+05 ,4.611E+03
memcpy_dev_v32_movsb_v21,rand SPEC2017   ,1       ,33     ,256    ,8192     ,80000  ,8192        ,4.492E+04 ,4.503E+04 ,4.487E+04 ,4.31E+04  ,1.037E+05 ,2.265E+03
memcpy_dev_v32_movsb_v21,rand SPEC2017   ,1       ,16     ,257    ,32768    ,20000  ,32768       ,2.488E+05 ,2.481E+05 ,2.488E+05 ,2.39E+05  ,2.926E+05 ,5.531E+03
memcpy_dev_v32_movsb_v21,rand SPEC2017   ,1       ,32     ,257    ,16384    ,40000  ,16384       ,8.601E+04 ,8.571E+04 ,8.595E+04 ,8.12E+04  ,1.329E+05 ,3.305E+03
memcpy_dev_v32_movsb_v21,rand SPEC2017   ,1       ,33     ,257    ,8192     ,80000  ,8192        ,4.481E+04 ,4.408E+04 ,4.476E+04 ,4.34E+04  ,8.532E+04 ,2.353E+03
memcpy_dev_v32_movsb_v21,rand SPEC2017   ,1       ,0      ,31     ,16384    ,40000  ,16384       ,1.508E+05 ,1.499E+05 ,1.507E+05 ,1.37E+05  ,2.061E+05 ,4.921E+03
memcpy_dev_v32_movsb_v21,rand SPEC2017   ,1       ,0      ,32     ,32768    ,20000  ,32768       ,3.413E+05 ,3.394E+05 ,3.412E+05 ,3.29E+05  ,4.520E+05 ,8.211E+03
memcpy_dev_v32_movsb_v21,rand SPEC2017   ,1       ,0      ,64     ,32768    ,20000  ,32768       ,3.387E+05 ,3.364E+05 ,3.386E+05 ,3.28E+05  ,4.848E+05 ,9.602E+03
memcpy_dev_v32_movsb_v21,rand SPEC2017   ,1       ,0      ,65     ,32768    ,20000  ,32768       ,3.361E+05 ,3.342E+05 ,3.361E+05 ,3.26E+05  ,3.977E+05 ,5.823E+03
memcpy_dev_v32_movsb_v21,rand SPEC2017   ,1       ,0      ,128    ,32768    ,20000  ,32768       ,3.456E+05 ,3.431E+05 ,3.455E+05 ,3.36E+05  ,4.628E+05 ,7.699E+03
memcpy_dev_v32_movsb_v21,rand SPEC2017   ,1       ,0      ,256    ,32768    ,20000  ,32768       ,3.825E+05 ,3.795E+05 ,3.824E+05 ,3.67E+05  ,5.001E+05 ,8.893E+03
memcpy_dev_v32_movsb_v21,rand SPEC2017   ,1       ,32     ,-1     ,32768    ,20000  ,32768       ,3.994E+05 ,3.985E+05 ,3.993E+05 ,3.82E+05  ,4.592E+05 ,9.433E+03
memcpy_dev_v32_movsb_v21,rand SPEC2017   ,1       ,33     ,-1     ,8192     ,80000  ,8192        ,1.131E+05 ,1.121E+05 ,1.130E+05 ,1.07E+05  ,1.595E+05 ,3.322E+03
memcpy_dev_v32_movsb_v21,rand SPEC2017   ,1       ,64     ,-1     ,8192     ,80000  ,8192        ,1.136E+05 ,1.129E+05 ,1.135E+05 ,1.07E+05  ,2.575E+05 ,3.143E+03
memcpy_dev_v32_movsb_v21,rand SPEC2017   ,1       ,65     ,-1     ,8192     ,80000  ,8192        ,1.165E+05 ,1.162E+05 ,1.165E+05 ,1.11E+05  ,1.613E+05 ,2.398E+03
memcpy_dev_v32_movsb_v21,rand SPEC2017   ,1       ,129    ,-1     ,8192     ,80000  ,8192        ,1.245E+05 ,1.241E+05 ,1.245E+05 ,1.18E+05  ,1.678E+05 ,2.772E+03
memcpy_dev_v32_movsb_v21,rand SPEC2017   ,1       ,257    ,-1     ,4096     ,160000 ,4096        ,6.779E+04 ,6.703E+04 ,6.774E+04 ,6.36E+04  ,1.190E+05 ,2.718E+03
memcpy_dev_v32_movsb_v21,rand SPEC2017   ,1       ,0      ,-1     ,65536    ,10000  ,65536       ,9.994E+05 ,9.919E+05 ,9.993E+05 ,9.78E+05  ,1.261E+06 ,1.817E+04
memcpy_dev_v32_movsb_v21,rand SPEC2017   ,2       ,0      ,-1     ,65536    ,10000  ,65536       ,8.847E+05 ,8.773E+05 ,8.845E+05 ,8.59E+05  ,1.215E+06 ,2.107E+04
memcpy_dev_v32_movsb_v21,rand SPEC2017   ,4       ,0      ,-1     ,65536    ,10000  ,65536       ,1.130E+06 ,1.126E+06 ,1.130E+06 ,1.08E+06  ,1.548E+06 ,1.960E+04
memcpy_dev_v32_movsb_v21,rand SPEC2017   ,8       ,0      ,-1     ,65536    ,10000  ,65536       ,1.420E+06 ,1.408E+06 ,1.419E+06 ,1.36E+06  ,1.920E+06 ,2.398E+04
memcpy_dev_v32_movsb_v21,rand SPEC2017   ,16      ,0      ,-1     ,65536    ,10000  ,65536       ,2.432E+06 ,2.442E+06 ,2.431E+06 ,2.36E+06  ,3.138E+06 ,3.435E+04
memcpy_dev_v32_movsb_v21,rand SPEC2017   ,32      ,0      ,-1     ,65536    ,10000  ,65536       ,4.496E+06 ,4.461E+06 ,4.495E+06 ,4.43E+06  ,5.231E+06 ,5.775E+04
memcpy_dev_v32_movsb_v21,rand SPEC2017   ,64      ,0      ,-1     ,65536    ,10000  ,65536       ,9.324E+06 ,9.296E+06 ,9.323E+06 ,9.20E+06  ,1.151E+07 ,9.783E+04
memcpy_dev_v32_movsb_v21,rand SPEC2017   ,128     ,0      ,-1     ,65536    ,10000  ,65536       ,1.933E+07 ,1.925E+07 ,1.933E+07 ,1.91E+07  ,2.461E+07 ,1.826E+05
memcpy_dev_v32_movsb_v21,rand SPEC2017   ,256     ,0      ,-1     ,65536    ,10000  ,65536       ,4.029E+07 ,4.026E+07 ,4.029E+07 ,4.00E+07  ,4.664E+07 ,2.008E+05
memcpy_dev_v32_movsb_v22,rand SPEC2017   ,1       ,16     ,256    ,32768    ,20000  ,32768       ,2.580E+05 ,2.559E+05 ,2.579E+05 ,2.46E+05  ,3.768E+05 ,7.465E+03
memcpy_dev_v32_movsb_v22,rand SPEC2017   ,1       ,32     ,256    ,16384    ,40000  ,16384       ,8.606E+04 ,8.598E+04 ,8.600E+04 ,8.21E+04  ,1.595E+05 ,3.426E+03
memcpy_dev_v32_movsb_v22,rand SPEC2017   ,1       ,33     ,256    ,8192     ,80000  ,8192        ,4.586E+04 ,4.522E+04 ,4.582E+04 ,4.43E+04  ,8.885E+04 ,2.255E+03
memcpy_dev_v32_movsb_v22,rand SPEC2017   ,1       ,16     ,257    ,32768    ,20000  ,32768       ,2.567E+05 ,2.546E+05 ,2.567E+05 ,2.42E+05  ,3.179E+05 ,6.376E+03
memcpy_dev_v32_movsb_v22,rand SPEC2017   ,1       ,32     ,257    ,16384    ,40000  ,16384       ,8.694E+04 ,8.703E+04 ,8.688E+04 ,8.32E+04  ,1.437E+05 ,3.415E+03
memcpy_dev_v32_movsb_v22,rand SPEC2017   ,1       ,33     ,257    ,8192     ,80000  ,8192        ,4.764E+04 ,4.680E+04 ,4.756E+04 ,4.57E+04  ,1.161E+05 ,3.174E+03
memcpy_dev_v32_movsb_v22,rand SPEC2017   ,1       ,0      ,31     ,16384    ,40000  ,16384       ,1.355E+05 ,1.354E+05 ,1.354E+05 ,1.30E+05  ,2.019E+05 ,4.153E+03
memcpy_dev_v32_movsb_v22,rand SPEC2017   ,1       ,0      ,32     ,32768    ,20000  ,32768       ,3.374E+05 ,3.344E+05 ,3.373E+05 ,3.27E+05  ,5.059E+05 ,1.001E+04
memcpy_dev_v32_movsb_v22,rand SPEC2017   ,1       ,0      ,64     ,32768    ,20000  ,32768       ,3.354E+05 ,3.318E+05 ,3.353E+05 ,3.26E+05  ,4.784E+05 ,9.393E+03
memcpy_dev_v32_movsb_v22,rand SPEC2017   ,1       ,0      ,65     ,32768    ,20000  ,32768       ,3.388E+05 ,3.395E+05 ,3.387E+05 ,3.26E+05  ,4.336E+05 ,8.110E+03
memcpy_dev_v32_movsb_v22,rand SPEC2017   ,1       ,0      ,128    ,32768    ,20000  ,32768       ,3.520E+05 ,3.512E+05 ,3.519E+05 ,3.36E+05  ,5.066E+05 ,9.438E+03
memcpy_dev_v32_movsb_v22,rand SPEC2017   ,1       ,0      ,256    ,32768    ,20000  ,32768       ,3.813E+05 ,3.814E+05 ,3.812E+05 ,3.66E+05  ,4.845E+05 ,5.555E+03
memcpy_dev_v32_movsb_v22,rand SPEC2017   ,1       ,32     ,-1     ,32768    ,20000  ,32768       ,4.020E+05 ,4.016E+05 ,4.019E+05 ,3.84E+05  ,5.852E+05 ,8.632E+03
memcpy_dev_v32_movsb_v22,rand SPEC2017   ,1       ,33     ,-1     ,8192     ,80000  ,8192        ,1.137E+05 ,1.130E+05 ,1.137E+05 ,1.09E+05  ,1.908E+05 ,4.512E+03
memcpy_dev_v32_movsb_v22,rand SPEC2017   ,1       ,64     ,-1     ,8192     ,80000  ,8192        ,1.155E+05 ,1.147E+05 ,1.154E+05 ,1.10E+05  ,1.959E+05 ,4.686E+03
memcpy_dev_v32_movsb_v22,rand SPEC2017   ,1       ,65     ,-1     ,8192     ,80000  ,8192        ,1.177E+05 ,1.167E+05 ,1.177E+05 ,1.13E+05  ,1.889E+05 ,4.507E+03
memcpy_dev_v32_movsb_v22,rand SPEC2017   ,1       ,129    ,-1     ,8192     ,80000  ,8192        ,1.241E+05 ,1.227E+05 ,1.240E+05 ,1.20E+05  ,2.368E+05 ,5.097E+03
memcpy_dev_v32_movsb_v22,rand SPEC2017   ,1       ,257    ,-1     ,4096     ,160000 ,4096        ,6.843E+04 ,6.796E+04 ,6.837E+04 ,6.50E+04  ,1.344E+05 ,3.095E+03
memcpy_dev_v32_movsb_v22,rand SPEC2017   ,1       ,0      ,-1     ,65536    ,10000  ,65536       ,1.010E+06 ,1.017E+06 ,1.010E+06 ,9.81E+05  ,1.246E+06 ,1.788E+04
memcpy_dev_v32_movsb_v22,rand SPEC2017   ,2       ,0      ,-1     ,65536    ,10000  ,65536       ,8.891E+05 ,8.858E+05 ,8.889E+05 ,8.59E+05  ,9.572E+05 ,1.472E+04
memcpy_dev_v32_movsb_v22,rand SPEC2017   ,4       ,0      ,-1     ,65536    ,10000  ,65536       ,1.138E+06 ,1.130E+06 ,1.138E+06 ,1.11E+06  ,1.469E+06 ,1.909E+04
memcpy_dev_v32_movsb_v22,rand SPEC2017   ,8       ,0      ,-1     ,65536    ,10000  ,65536       ,1.420E+06 ,1.410E+06 ,1.420E+06 ,1.36E+06  ,1.660E+06 ,2.193E+04
memcpy_dev_v32_movsb_v22,rand SPEC2017   ,16      ,0      ,-1     ,65536    ,10000  ,65536       ,2.427E+06 ,2.440E+06 ,2.427E+06 ,2.36E+06  ,3.261E+06 ,3.635E+04
memcpy_dev_v32_movsb_v22,rand SPEC2017   ,32      ,0      ,-1     ,65536    ,10000  ,65536       ,4.502E+06 ,4.469E+06 ,4.502E+06 ,4.43E+06  ,6.039E+06 ,6.113E+04
memcpy_dev_v32_movsb_v22,rand SPEC2017   ,64      ,0      ,-1     ,65536    ,10000  ,65536       ,9.311E+06 ,9.290E+06 ,9.310E+06 ,9.18E+06  ,1.103E+07 ,7.452E+04
memcpy_dev_v32_movsb_v22,rand SPEC2017   ,128     ,0      ,-1     ,65536    ,10000  ,65536       ,1.913E+07 ,1.912E+07 ,1.913E+07 ,1.89E+07  ,2.520E+07 ,1.589E+05
memcpy_dev_v32_movsb_v22,rand SPEC2017   ,256     ,0      ,-1     ,65536    ,10000  ,65536       ,4.076E+07 ,4.075E+07 ,4.076E+07 ,4.03E+07  ,4.711E+07 ,2.040E+05
memcpy_glibc_v32_movsb  ,rand SPEC2017   ,1       ,16     ,256    ,32768    ,20000  ,32768       ,2.620E+05 ,2.613E+05 ,2.619E+05 ,2.48E+05  ,4.648E+05 ,5.543E+03
memcpy_glibc_v32_movsb  ,rand SPEC2017   ,1       ,32     ,256    ,16384    ,40000  ,16384       ,8.653E+04 ,8.563E+04 ,8.648E+04 ,8.31E+04  ,1.780E+05 ,3.282E+03
memcpy_glibc_v32_movsb  ,rand SPEC2017   ,1       ,33     ,256    ,8192     ,80000  ,8192        ,4.491E+04 ,4.500E+04 ,4.484E+04 ,4.32E+04  ,1.041E+05 ,2.908E+03
memcpy_glibc_v32_movsb  ,rand SPEC2017   ,1       ,16     ,257    ,32768    ,20000  ,32768       ,2.611E+05 ,2.603E+05 ,2.610E+05 ,2.47E+05  ,4.676E+05 ,5.192E+03
memcpy_glibc_v32_movsb  ,rand SPEC2017   ,1       ,32     ,257    ,16384    ,40000  ,16384       ,8.696E+04 ,8.610E+04 ,8.690E+04 ,8.31E+04  ,2.062E+05 ,3.363E+03
memcpy_glibc_v32_movsb  ,rand SPEC2017   ,1       ,33     ,257    ,8192     ,80000  ,8192        ,4.538E+04 ,4.474E+04 ,4.533E+04 ,4.38E+04  ,1.036E+05 ,2.470E+03
memcpy_glibc_v32_movsb  ,rand SPEC2017   ,1       ,0      ,31     ,16384    ,40000  ,16384       ,1.593E+05 ,1.591E+05 ,1.593E+05 ,1.49E+05  ,2.913E+05 ,4.672E+03
memcpy_glibc_v32_movsb  ,rand SPEC2017   ,1       ,0      ,32     ,32768    ,20000  ,32768       ,3.396E+05 ,3.392E+05 ,3.395E+05 ,3.23E+05  ,6.219E+05 ,6.558E+03
memcpy_glibc_v32_movsb  ,rand SPEC2017   ,1       ,0      ,64     ,32768    ,20000  ,32768       ,3.402E+05 ,3.394E+05 ,3.401E+05 ,3.23E+05  ,5.416E+05 ,6.756E+03
memcpy_glibc_v32_movsb  ,rand SPEC2017   ,1       ,0      ,65     ,32768    ,20000  ,32768       ,3.393E+05 ,3.387E+05 ,3.392E+05 ,3.23E+05  ,5.606E+05 ,6.670E+03
memcpy_glibc_v32_movsb  ,rand SPEC2017   ,1       ,0      ,128    ,32768    ,20000  ,32768       ,3.473E+05 ,3.465E+05 ,3.472E+05 ,3.30E+05  ,4.712E+05 ,6.014E+03
memcpy_glibc_v32_movsb  ,rand SPEC2017   ,1       ,0      ,256    ,32768    ,20000  ,32768       ,3.818E+05 ,3.794E+05 ,3.817E+05 ,3.73E+05  ,4.517E+05 ,6.800E+03
memcpy_glibc_v32_movsb  ,rand SPEC2017   ,1       ,32     ,-1     ,32768    ,20000  ,32768       ,4.086E+05 ,4.078E+05 ,4.085E+05 ,3.94E+05  ,5.190E+05 ,9.490E+03
memcpy_glibc_v32_movsb  ,rand SPEC2017   ,1       ,33     ,-1     ,8192     ,80000  ,8192        ,1.196E+05 ,1.187E+05 ,1.196E+05 ,1.13E+05  ,1.673E+05 ,3.497E+03
memcpy_glibc_v32_movsb  ,rand SPEC2017   ,1       ,64     ,-1     ,8192     ,80000  ,8192        ,1.213E+05 ,1.204E+05 ,1.212E+05 ,1.13E+05  ,2.025E+05 ,3.840E+03
memcpy_glibc_v32_movsb  ,rand SPEC2017   ,1       ,65     ,-1     ,8192     ,80000  ,8192        ,1.237E+05 ,1.225E+05 ,1.236E+05 ,1.16E+05  ,2.291E+05 ,4.610E+03
memcpy_glibc_v32_movsb  ,rand SPEC2017   ,1       ,129    ,-1     ,8192     ,80000  ,8192        ,1.314E+05 ,1.307E+05 ,1.313E+05 ,1.25E+05  ,2.458E+05 ,4.722E+03
memcpy_glibc_v32_movsb  ,rand SPEC2017   ,1       ,257    ,-1     ,4096     ,160000 ,4096        ,6.800E+04 ,6.710E+04 ,6.795E+04 ,6.56E+04  ,1.170E+05 ,2.803E+03
memcpy_glibc_v32_movsb  ,rand SPEC2017   ,1       ,0      ,-1     ,65536    ,10000  ,65536       ,1.024E+06 ,1.018E+06 ,1.024E+06 ,9.88E+05  ,1.387E+06 ,1.832E+04
memcpy_glibc_v32_movsb  ,rand SPEC2017   ,2       ,0      ,-1     ,65536    ,10000  ,65536       ,9.158E+05 ,9.100E+05 ,9.157E+05 ,8.95E+05  ,1.288E+06 ,1.707E+04
memcpy_glibc_v32_movsb  ,rand SPEC2017   ,4       ,0      ,-1     ,65536    ,10000  ,65536       ,1.192E+06 ,1.193E+06 ,1.192E+06 ,1.14E+06  ,1.810E+06 ,1.958E+04
memcpy_glibc_v32_movsb  ,rand SPEC2017   ,8       ,0      ,-1     ,65536    ,10000  ,65536       ,1.461E+06 ,1.448E+06 ,1.461E+06 ,1.43E+06  ,1.895E+06 ,2.865E+04
memcpy_glibc_v32_movsb  ,rand SPEC2017   ,16      ,0      ,-1     ,65536    ,10000  ,65536       ,2.532E+06 ,2.539E+06 ,2.532E+06 ,2.44E+06  ,3.342E+06 ,3.793E+04
memcpy_glibc_v32_movsb  ,rand SPEC2017   ,32      ,0      ,-1     ,65536    ,10000  ,65536       ,4.608E+06 ,4.573E+06 ,4.607E+06 ,4.55E+06  ,6.562E+06 ,7.136E+04
memcpy_glibc_v32_movsb  ,rand SPEC2017   ,64      ,0      ,-1     ,65536    ,10000  ,65536       ,9.431E+06 ,9.410E+06 ,9.431E+06 ,9.31E+06  ,1.131E+07 ,7.608E+04
memcpy_glibc_v32_movsb  ,rand SPEC2017   ,128     ,0      ,-1     ,65536    ,10000  ,65536       ,1.931E+07 ,1.930E+07 ,1.931E+07 ,1.91E+07  ,2.529E+07 ,1.187E+05
memcpy_glibc_v32_movsb  ,rand SPEC2017   ,256     ,0      ,-1     ,65536    ,10000  ,65536       ,4.175E+07 ,4.174E+07 ,4.175E+07 ,4.14E+07  ,4.984E+07 ,2.098E+05
memcpy_dev_v32_movsb_v19,rand SPEC2017   ,1       ,16     ,256    ,32768    ,20000  ,32768       ,2.553E+05 ,2.538E+05 ,2.552E+05 ,2.44E+05  ,2.995E+05 ,5.640E+03
memcpy_dev_v32_movsb_v19,rand SPEC2017   ,1       ,32     ,256    ,16384    ,40000  ,16384       ,8.550E+04 ,8.565E+04 ,8.544E+04 ,8.15E+04  ,1.344E+05 ,3.210E+03
memcpy_dev_v32_movsb_v19,rand SPEC2017   ,1       ,33     ,256    ,8192     ,80000  ,8192        ,4.494E+04 ,4.433E+04 ,4.489E+04 ,4.36E+04  ,1.058E+05 ,2.167E+03
memcpy_dev_v32_movsb_v19,rand SPEC2017   ,1       ,16     ,257    ,32768    ,20000  ,32768       ,2.563E+05 ,2.543E+05 ,2.563E+05 ,2.48E+05  ,3.481E+05 ,6.256E+03
memcpy_dev_v32_movsb_v19,rand SPEC2017   ,1       ,32     ,257    ,16384    ,40000  ,16384       ,8.475E+04 ,8.376E+04 ,8.470E+04 ,8.11E+04  ,1.369E+05 ,3.164E+03
memcpy_dev_v32_movsb_v19,rand SPEC2017   ,1       ,33     ,257    ,8192     ,80000  ,8192        ,4.473E+04 ,4.440E+04 ,4.471E+04 ,4.38E+04  ,8.539E+04 ,1.695E+03
memcpy_dev_v32_movsb_v19,rand SPEC2017   ,1       ,0      ,31     ,16384    ,40000  ,16384       ,1.328E+05 ,1.320E+05 ,1.328E+05 ,1.26E+05  ,1.832E+05 ,3.456E+03
memcpy_dev_v32_movsb_v19,rand SPEC2017   ,1       ,0      ,32     ,32768    ,20000  ,32768       ,3.381E+05 ,3.357E+05 ,3.380E+05 ,3.29E+05  ,4.479E+05 ,6.818E+03
memcpy_dev_v32_movsb_v19,rand SPEC2017   ,1       ,0      ,64     ,32768    ,20000  ,32768       ,3.361E+05 ,3.341E+05 ,3.360E+05 ,3.20E+05  ,4.613E+05 ,7.394E+03
memcpy_dev_v32_movsb_v19,rand SPEC2017   ,1       ,0      ,65     ,32768    ,20000  ,32768       ,3.355E+05 ,3.330E+05 ,3.355E+05 ,3.27E+05  ,3.952E+05 ,6.682E+03
memcpy_dev_v32_movsb_v19,rand SPEC2017   ,1       ,0      ,128    ,32768    ,20000  ,32768       ,3.433E+05 ,3.403E+05 ,3.432E+05 ,3.35E+05  ,4.314E+05 ,6.967E+03
memcpy_dev_v32_movsb_v19,rand SPEC2017   ,1       ,0      ,256    ,32768    ,20000  ,32768       ,3.771E+05 ,3.752E+05 ,3.769E+05 ,3.62E+05  ,5.401E+05 ,1.065E+04
memcpy_dev_v32_movsb_v19,rand SPEC2017   ,1       ,32     ,-1     ,32768    ,20000  ,32768       ,4.019E+05 ,4.011E+05 ,4.018E+05 ,3.86E+05  ,4.545E+05 ,9.611E+03
memcpy_dev_v32_movsb_v19,rand SPEC2017   ,1       ,33     ,-1     ,8192     ,80000  ,8192        ,1.132E+05 ,1.119E+05 ,1.131E+05 ,1.08E+05  ,1.978E+05 ,4.167E+03
memcpy_dev_v32_movsb_v19,rand SPEC2017   ,1       ,64     ,-1     ,8192     ,80000  ,8192        ,1.133E+05 ,1.124E+05 ,1.133E+05 ,1.07E+05  ,1.656E+05 ,3.172E+03
memcpy_dev_v32_movsb_v19,rand SPEC2017   ,1       ,65     ,-1     ,8192     ,80000  ,8192        ,1.163E+05 ,1.155E+05 ,1.163E+05 ,1.10E+05  ,1.560E+05 ,3.269E+03
memcpy_dev_v32_movsb_v19,rand SPEC2017   ,1       ,129    ,-1     ,8192     ,80000  ,8192        ,1.238E+05 ,1.234E+05 ,1.238E+05 ,1.18E+05  ,1.735E+05 ,2.705E+03
memcpy_dev_v32_movsb_v19,rand SPEC2017   ,1       ,257    ,-1     ,4096     ,160000 ,4096        ,6.730E+04 ,6.650E+04 ,6.725E+04 ,6.32E+04  ,1.211E+05 ,2.849E+03
memcpy_dev_v32_movsb_v19,rand SPEC2017   ,1       ,0      ,-1     ,65536    ,10000  ,65536       ,1.003E+06 ,9.942E+05 ,1.003E+06 ,9.81E+05  ,1.317E+06 ,1.921E+04
memcpy_dev_v32_movsb_v19,rand SPEC2017   ,2       ,0      ,-1     ,65536    ,10000  ,65536       ,8.890E+05 ,8.878E+05 ,8.889E+05 ,8.50E+05  ,9.739E+05 ,1.339E+04
memcpy_dev_v32_movsb_v19,rand SPEC2017   ,4       ,0      ,-1     ,65536    ,10000  ,65536       ,1.129E+06 ,1.126E+06 ,1.129E+06 ,1.08E+06  ,1.412E+06 ,1.318E+04
memcpy_dev_v32_movsb_v19,rand SPEC2017   ,8       ,0      ,-1     ,65536    ,10000  ,65536       ,1.418E+06 ,1.411E+06 ,1.418E+06 ,1.40E+06  ,1.964E+06 ,2.019E+04
memcpy_dev_v32_movsb_v19,rand SPEC2017   ,16      ,0      ,-1     ,65536    ,10000  ,65536       ,2.429E+06 ,2.442E+06 ,2.429E+06 ,2.36E+06  ,2.674E+06 ,3.217E+04
memcpy_dev_v32_movsb_v19,rand SPEC2017   ,32      ,0      ,-1     ,65536    ,10000  ,65536       ,4.506E+06 ,4.473E+06 ,4.505E+06 ,4.44E+06  ,5.770E+06 ,6.920E+04
memcpy_dev_v32_movsb_v19,rand SPEC2017   ,64      ,0      ,-1     ,65536    ,10000  ,65536       ,9.313E+06 ,9.288E+06 ,9.313E+06 ,9.18E+06  ,1.129E+07 ,7.881E+04
memcpy_dev_v32_movsb_v19,rand SPEC2017   ,128     ,0      ,-1     ,65536    ,10000  ,65536       ,1.919E+07 ,1.916E+07 ,1.919E+07 ,1.90E+07  ,2.639E+07 ,3.488E+05
memcpy_dev_v32_movsb_v19,rand SPEC2017   ,256     ,0      ,-1     ,65536    ,10000  ,65536       ,4.072E+07 ,4.071E+07 ,4.072E+07 ,4.04E+07  ,4.932E+07 ,2.914E+05
memcpy_dev_v32_movsb_v20,rand SPEC2017   ,1       ,16     ,256    ,32768    ,20000  ,32768       ,2.551E+05 ,2.531E+05 ,2.551E+05 ,2.44E+05  ,3.508E+05 ,6.839E+03
memcpy_dev_v32_movsb_v20,rand SPEC2017   ,1       ,32     ,256    ,16384    ,40000  ,16384       ,8.536E+04 ,8.537E+04 ,8.531E+04 ,8.14E+04  ,1.195E+05 ,3.222E+03
memcpy_dev_v32_movsb_v20,rand SPEC2017   ,1       ,33     ,256    ,8192     ,80000  ,8192        ,4.532E+04 ,4.469E+04 ,4.528E+04 ,4.40E+04  ,9.438E+04 ,2.226E+03
memcpy_dev_v32_movsb_v20,rand SPEC2017   ,1       ,16     ,257    ,32768    ,20000  ,32768       ,2.529E+05 ,2.504E+05 ,2.528E+05 ,2.46E+05  ,3.863E+05 ,7.422E+03
memcpy_dev_v32_movsb_v20,rand SPEC2017   ,1       ,32     ,257    ,16384    ,40000  ,16384       ,8.466E+04 ,8.395E+04 ,8.460E+04 ,8.12E+04  ,1.207E+05 ,3.277E+03
memcpy_dev_v32_movsb_v20,rand SPEC2017   ,1       ,33     ,257    ,8192     ,80000  ,8192        ,4.495E+04 ,4.431E+04 ,4.490E+04 ,4.36E+04  ,9.112E+04 ,2.212E+03
memcpy_dev_v32_movsb_v20,rand SPEC2017   ,1       ,0      ,31     ,16384    ,40000  ,16384       ,1.504E+05 ,1.495E+05 ,1.503E+05 ,1.39E+05  ,2.145E+05 ,5.145E+03
memcpy_dev_v32_movsb_v20,rand SPEC2017   ,1       ,0      ,32     ,32768    ,20000  ,32768       ,3.414E+05 ,3.394E+05 ,3.413E+05 ,3.29E+05  ,4.709E+05 ,8.457E+03
memcpy_dev_v32_movsb_v20,rand SPEC2017   ,1       ,0      ,64     ,32768    ,20000  ,32768       ,3.380E+05 ,3.354E+05 ,3.380E+05 ,3.28E+05  ,3.896E+05 ,7.048E+03
memcpy_dev_v32_movsb_v20,rand SPEC2017   ,1       ,0      ,65     ,32768    ,20000  ,32768       ,3.412E+05 ,3.391E+05 ,3.411E+05 ,3.30E+05  ,4.581E+05 ,8.287E+03
memcpy_dev_v32_movsb_v20,rand SPEC2017   ,1       ,0      ,128    ,32768    ,20000  ,32768       ,3.477E+05 ,3.465E+05 ,3.476E+05 ,3.36E+05  ,3.889E+05 ,7.544E+03
memcpy_dev_v32_movsb_v20,rand SPEC2017   ,1       ,0      ,256    ,32768    ,20000  ,32768       ,3.771E+05 ,3.790E+05 ,3.771E+05 ,3.64E+05  ,4.149E+05 ,7.610E+03
memcpy_dev_v32_movsb_v20,rand SPEC2017   ,1       ,32     ,-1     ,32768    ,20000  ,32768       ,4.043E+05 ,4.032E+05 ,4.041E+05 ,3.87E+05  ,5.808E+05 ,1.012E+04
memcpy_dev_v32_movsb_v20,rand SPEC2017   ,1       ,33     ,-1     ,8192     ,80000  ,8192        ,1.130E+05 ,1.120E+05 ,1.130E+05 ,1.07E+05  ,1.524E+05 ,3.571E+03
memcpy_dev_v32_movsb_v20,rand SPEC2017   ,1       ,64     ,-1     ,8192     ,80000  ,8192        ,1.149E+05 ,1.141E+05 ,1.148E+05 ,1.08E+05  ,2.062E+05 ,4.060E+03
memcpy_dev_v32_movsb_v20,rand SPEC2017   ,1       ,65     ,-1     ,8192     ,80000  ,8192        ,1.178E+05 ,1.168E+05 ,1.178E+05 ,1.11E+05  ,1.804E+05 ,3.585E+03
memcpy_dev_v32_movsb_v20,rand SPEC2017   ,1       ,129    ,-1     ,8192     ,80000  ,8192        ,1.242E+05 ,1.236E+05 ,1.242E+05 ,1.18E+05  ,1.786E+05 ,2.885E+03
memcpy_dev_v32_movsb_v20,rand SPEC2017   ,1       ,257    ,-1     ,4096     ,160000 ,4096        ,6.745E+04 ,6.683E+04 ,6.740E+04 ,6.41E+04  ,1.060E+05 ,2.864E+03
memcpy_dev_v32_movsb_v20,rand SPEC2017   ,1       ,0      ,-1     ,65536    ,10000  ,65536       ,1.005E+06 ,9.965E+05 ,1.005E+06 ,9.82E+05  ,1.277E+06 ,1.765E+04
memcpy_dev_v32_movsb_v20,rand SPEC2017   ,2       ,0      ,-1     ,65536    ,10000  ,65536       ,8.882E+05 ,8.810E+05 ,8.880E+05 ,8.66E+05  ,1.100E+06 ,1.576E+04
memcpy_dev_v32_movsb_v20,rand SPEC2017   ,4       ,0      ,-1     ,65536    ,10000  ,65536       ,1.141E+06 ,1.135E+06 ,1.141E+06 ,1.11E+06  ,1.297E+06 ,1.699E+04
memcpy_dev_v32_movsb_v20,rand SPEC2017   ,8       ,0      ,-1     ,65536    ,10000  ,65536       ,1.421E+06 ,1.409E+06 ,1.421E+06 ,1.39E+06  ,1.493E+06 ,2.225E+04
memcpy_dev_v32_movsb_v20,rand SPEC2017   ,16      ,0      ,-1     ,65536    ,10000  ,65536       ,2.445E+06 ,2.453E+06 ,2.445E+06 ,2.36E+06  ,2.945E+06 ,2.890E+04
memcpy_dev_v32_movsb_v20,rand SPEC2017   ,32      ,0      ,-1     ,65536    ,10000  ,65536       ,4.502E+06 ,4.472E+06 ,4.502E+06 ,4.41E+06  ,5.411E+06 ,5.868E+04
memcpy_dev_v32_movsb_v20,rand SPEC2017   ,64      ,0      ,-1     ,65536    ,10000  ,65536       ,9.312E+06 ,9.292E+06 ,9.312E+06 ,9.18E+06  ,1.157E+07 ,7.474E+04
memcpy_dev_v32_movsb_v20,rand SPEC2017   ,128     ,0      ,-1     ,65536    ,10000  ,65536       ,1.912E+07 ,1.912E+07 ,1.912E+07 ,1.89E+07  ,2.485E+07 ,1.294E+05
memcpy_dev_v32_movsb_v20,rand SPEC2017   ,256     ,0      ,-1     ,65536    ,10000  ,65536       ,4.076E+07 ,4.076E+07 ,4.076E+07 ,4.03E+07  ,4.700E+07 ,1.824E+05
memcpy_dev_v32_movsb_v21,rand SPEC2017   ,1       ,16     ,256    ,32768    ,20000  ,32768       ,2.446E+05 ,2.442E+05 ,2.445E+05 ,2.32E+05  ,3.086E+05 ,4.377E+03
memcpy_dev_v32_movsb_v21,rand SPEC2017   ,1       ,32     ,256    ,16384    ,40000  ,16384       ,8.584E+04 ,8.565E+04 ,8.577E+04 ,7.99E+04  ,1.777E+05 ,3.658E+03
memcpy_dev_v32_movsb_v21,rand SPEC2017   ,1       ,33     ,256    ,8192     ,80000  ,8192        ,4.463E+04 ,4.393E+04 ,4.458E+04 ,4.32E+04  ,9.348E+04 ,2.296E+03
memcpy_dev_v32_movsb_v21,rand SPEC2017   ,1       ,16     ,257    ,32768    ,20000  ,32768       ,2.476E+05 ,2.475E+05 ,2.475E+05 ,2.34E+05  ,3.369E+05 ,5.192E+03
memcpy_dev_v32_movsb_v21,rand SPEC2017   ,1       ,32     ,257    ,16384    ,40000  ,16384       ,8.515E+04 ,8.517E+04 ,8.509E+04 ,8.09E+04  ,1.774E+05 ,3.375E+03
memcpy_dev_v32_movsb_v21,rand SPEC2017   ,1       ,33     ,257    ,8192     ,80000  ,8192        ,4.526E+04 ,4.472E+04 ,4.521E+04 ,4.40E+04  ,1.337E+05 ,2.380E+03
memcpy_dev_v32_movsb_v21,rand SPEC2017   ,1       ,0      ,31     ,16384    ,40000  ,16384       ,1.491E+05 ,1.483E+05 ,1.491E+05 ,1.38E+05  ,2.867E+05 ,5.091E+03
memcpy_dev_v32_movsb_v21,rand SPEC2017   ,1       ,0      ,32     ,32768    ,20000  ,32768       ,3.366E+05 ,3.360E+05 ,3.366E+05 ,3.21E+05  ,5.973E+05 ,6.224E+03
memcpy_dev_v32_movsb_v21,rand SPEC2017   ,1       ,0      ,64     ,32768    ,20000  ,32768       ,3.369E+05 ,3.351E+05 ,3.369E+05 ,3.28E+05  ,5.580E+05 ,6.902E+03
memcpy_dev_v32_movsb_v21,rand SPEC2017   ,1       ,0      ,65     ,32768    ,20000  ,32768       ,3.391E+05 ,3.366E+05 ,3.390E+05 ,3.27E+05  ,5.605E+05 ,9.720E+03
memcpy_dev_v32_movsb_v21,rand SPEC2017   ,1       ,0      ,128    ,32768    ,20000  ,32768       ,3.445E+05 ,3.426E+05 ,3.444E+05 ,3.29E+05  ,6.035E+05 ,6.920E+03
memcpy_dev_v32_movsb_v21,rand SPEC2017   ,1       ,0      ,256    ,32768    ,20000  ,32768       ,3.868E+05 ,3.844E+05 ,3.867E+05 ,3.69E+05  ,6.226E+05 ,1.129E+04
memcpy_dev_v32_movsb_v21,rand SPEC2017   ,1       ,32     ,-1     ,32768    ,20000  ,32768       ,3.996E+05 ,3.967E+05 ,3.994E+05 ,3.83E+05  ,6.462E+05 ,1.265E+04
memcpy_dev_v32_movsb_v21,rand SPEC2017   ,1       ,33     ,-1     ,8192     ,80000  ,8192        ,1.115E+05 ,1.112E+05 ,1.115E+05 ,1.06E+05  ,1.546E+05 ,2.342E+03
memcpy_dev_v32_movsb_v21,rand SPEC2017   ,1       ,64     ,-1     ,8192     ,80000  ,8192        ,1.144E+05 ,1.142E+05 ,1.143E+05 ,1.09E+05  ,2.230E+05 ,2.920E+03
memcpy_dev_v32_movsb_v21,rand SPEC2017   ,1       ,65     ,-1     ,8192     ,80000  ,8192        ,1.165E+05 ,1.165E+05 ,1.165E+05 ,1.11E+05  ,1.850E+05 ,3.309E+03
memcpy_dev_v32_movsb_v21,rand SPEC2017   ,1       ,129    ,-1     ,8192     ,80000  ,8192        ,1.228E+05 ,1.229E+05 ,1.228E+05 ,1.17E+05  ,1.809E+05 ,3.755E+03
memcpy_dev_v32_movsb_v21,rand SPEC2017   ,1       ,257    ,-1     ,4096     ,160000 ,4096        ,6.674E+04 ,6.630E+04 ,6.671E+04 ,6.31E+04  ,1.078E+05 ,2.163E+03
memcpy_dev_v32_movsb_v21,rand SPEC2017   ,1       ,0      ,-1     ,65536    ,10000  ,65536       ,9.929E+05 ,9.903E+05 ,9.928E+05 ,9.51E+05  ,1.254E+06 ,1.326E+04
memcpy_dev_v32_movsb_v21,rand SPEC2017   ,2       ,0      ,-1     ,65536    ,10000  ,65536       ,8.712E+05 ,8.712E+05 ,8.710E+05 ,8.37E+05  ,1.224E+06 ,1.606E+04
memcpy_dev_v32_movsb_v21,rand SPEC2017   ,4       ,0      ,-1     ,65536    ,10000  ,65536       ,1.120E+06 ,1.123E+06 ,1.120E+06 ,1.08E+06  ,1.176E+06 ,1.575E+04
memcpy_dev_v32_movsb_v21,rand SPEC2017   ,8       ,0      ,-1     ,65536    ,10000  ,65536       ,1.408E+06 ,1.409E+06 ,1.408E+06 ,1.35E+06  ,1.914E+06 ,1.789E+04
memcpy_dev_v32_movsb_v21,rand SPEC2017   ,16      ,0      ,-1     ,65536    ,10000  ,65536       ,2.417E+06 ,2.433E+06 ,2.417E+06 ,2.35E+06  ,3.056E+06 ,3.535E+04
memcpy_dev_v32_movsb_v21,rand SPEC2017   ,32      ,0      ,-1     ,65536    ,10000  ,65536       ,4.502E+06 ,4.488E+06 ,4.502E+06 ,4.39E+06  ,5.190E+06 ,4.064E+04
memcpy_dev_v32_movsb_v21,rand SPEC2017   ,64      ,0      ,-1     ,65536    ,10000  ,65536       ,9.353E+06 ,9.326E+06 ,9.353E+06 ,9.23E+06  ,1.235E+07 ,9.273E+04
memcpy_dev_v32_movsb_v21,rand SPEC2017   ,128     ,0      ,-1     ,65536    ,10000  ,65536       ,1.926E+07 ,1.926E+07 ,1.926E+07 ,1.90E+07  ,2.159E+07 ,1.050E+05
memcpy_dev_v32_movsb_v21,rand SPEC2017   ,256     ,0      ,-1     ,65536    ,10000  ,65536       ,4.139E+07 ,4.138E+07 ,4.139E+07 ,4.10E+07  ,4.902E+07 ,1.958E+05
memcpy_dev_v32_movsb_v22,rand SPEC2017   ,1       ,16     ,256    ,32768    ,20000  ,32768       ,2.552E+05 ,2.545E+05 ,2.552E+05 ,2.43E+05  ,4.536E+05 ,5.980E+03
memcpy_dev_v32_movsb_v22,rand SPEC2017   ,1       ,32     ,256    ,16384    ,40000  ,16384       ,8.505E+04 ,8.411E+04 ,8.500E+04 ,8.18E+04  ,1.751E+05 ,3.268E+03
memcpy_dev_v32_movsb_v22,rand SPEC2017   ,1       ,33     ,256    ,8192     ,80000  ,8192        ,4.671E+04 ,4.600E+04 ,4.666E+04 ,4.52E+04  ,1.040E+05 ,2.443E+03
memcpy_dev_v32_movsb_v22,rand SPEC2017   ,1       ,16     ,257    ,32768    ,20000  ,32768       ,2.578E+05 ,2.562E+05 ,2.577E+05 ,2.46E+05  ,4.403E+05 ,7.413E+03
memcpy_dev_v32_movsb_v22,rand SPEC2017   ,1       ,32     ,257    ,16384    ,40000  ,16384       ,8.552E+04 ,8.447E+04 ,8.546E+04 ,8.15E+04  ,2.025E+05 ,3.554E+03
memcpy_dev_v32_movsb_v22,rand SPEC2017   ,1       ,33     ,257    ,8192     ,80000  ,8192        ,4.743E+04 ,4.695E+04 ,4.739E+04 ,4.62E+04  ,9.911E+04 ,2.124E+03
memcpy_dev_v32_movsb_v22,rand SPEC2017   ,1       ,0      ,31     ,16384    ,40000  ,16384       ,1.337E+05 ,1.332E+05 ,1.337E+05 ,1.26E+05  ,2.643E+05 ,3.925E+03
memcpy_dev_v32_movsb_v22,rand SPEC2017   ,1       ,0      ,32     ,32768    ,20000  ,32768       ,3.349E+05 ,3.337E+05 ,3.348E+05 ,3.19E+05  ,5.705E+05 ,6.368E+03
memcpy_dev_v32_movsb_v22,rand SPEC2017   ,1       ,0      ,64     ,32768    ,20000  ,32768       ,3.369E+05 ,3.344E+05 ,3.369E+05 ,3.25E+05  ,5.524E+05 ,7.773E+03
memcpy_dev_v32_movsb_v22,rand SPEC2017   ,1       ,0      ,65     ,32768    ,20000  ,32768       ,3.356E+05 ,3.335E+05 ,3.355E+05 ,3.27E+05  ,5.364E+05 ,6.915E+03
memcpy_dev_v32_movsb_v22,rand SPEC2017   ,1       ,0      ,128    ,32768    ,20000  ,32768       ,3.414E+05 ,3.393E+05 ,3.413E+05 ,3.28E+05  ,4.180E+05 ,6.180E+03
memcpy_dev_v32_movsb_v22,rand SPEC2017   ,1       ,0      ,256    ,32768    ,20000  ,32768       ,3.731E+05 ,3.700E+05 ,3.730E+05 ,3.62E+05  ,5.394E+05 ,8.544E+03
memcpy_dev_v32_movsb_v22,rand SPEC2017   ,1       ,32     ,-1     ,32768    ,20000  ,32768       ,4.002E+05 ,3.996E+05 ,4.001E+05 ,3.84E+05  ,5.088E+05 ,9.669E+03
memcpy_dev_v32_movsb_v22,rand SPEC2017   ,1       ,33     ,-1     ,8192     ,80000  ,8192        ,1.122E+05 ,1.115E+05 ,1.122E+05 ,1.06E+05  ,1.787E+05 ,3.046E+03
memcpy_dev_v32_movsb_v22,rand SPEC2017   ,1       ,64     ,-1     ,8192     ,80000  ,8192        ,1.139E+05 ,1.132E+05 ,1.139E+05 ,1.07E+05  ,1.710E+05 ,3.084E+03
memcpy_dev_v32_movsb_v22,rand SPEC2017   ,1       ,65     ,-1     ,8192     ,80000  ,8192        ,1.157E+05 ,1.149E+05 ,1.157E+05 ,1.09E+05  ,2.302E+05 ,3.570E+03
memcpy_dev_v32_movsb_v22,rand SPEC2017   ,1       ,129    ,-1     ,8192     ,80000  ,8192        ,1.238E+05 ,1.232E+05 ,1.237E+05 ,1.18E+05  ,2.266E+05 ,4.523E+03
memcpy_dev_v32_movsb_v22,rand SPEC2017   ,1       ,257    ,-1     ,4096     ,160000 ,4096        ,6.754E+04 ,6.684E+04 ,6.750E+04 ,6.35E+04  ,1.205E+05 ,2.379E+03
memcpy_dev_v32_movsb_v22,rand SPEC2017   ,1       ,0      ,-1     ,65536    ,10000  ,65536       ,1.003E+06 ,9.962E+05 ,1.003E+06 ,9.81E+05  ,1.233E+06 ,1.703E+04
memcpy_dev_v32_movsb_v22,rand SPEC2017   ,2       ,0      ,-1     ,65536    ,10000  ,65536       ,8.860E+05 ,8.809E+05 ,8.859E+05 ,8.45E+05  ,1.139E+06 ,1.530E+04
memcpy_dev_v32_movsb_v22,rand SPEC2017   ,4       ,0      ,-1     ,65536    ,10000  ,65536       ,1.137E+06 ,1.131E+06 ,1.136E+06 ,1.09E+06  ,1.616E+06 ,2.528E+04
memcpy_dev_v32_movsb_v22,rand SPEC2017   ,8       ,0      ,-1     ,65536    ,10000  ,65536       ,1.408E+06 ,1.407E+06 ,1.408E+06 ,1.36E+06  ,2.079E+06 ,2.037E+04
memcpy_dev_v32_movsb_v22,rand SPEC2017   ,16      ,0      ,-1     ,65536    ,10000  ,65536       ,2.425E+06 ,2.440E+06 ,2.425E+06 ,2.36E+06  ,3.068E+06 ,3.758E+04
memcpy_dev_v32_movsb_v22,rand SPEC2017   ,32      ,0      ,-1     ,65536    ,10000  ,65536       ,4.477E+06 ,4.456E+06 ,4.477E+06 ,4.41E+06  ,5.605E+06 ,5.173E+04
memcpy_dev_v32_movsb_v22,rand SPEC2017   ,64      ,0      ,-1     ,65536    ,10000  ,65536       ,9.292E+06 ,9.291E+06 ,9.291E+06 ,9.15E+06  ,1.057E+07 ,4.011E+04
memcpy_dev_v32_movsb_v22,rand SPEC2017   ,128     ,0      ,-1     ,65536    ,10000  ,65536       ,1.923E+07 ,1.923E+07 ,1.923E+07 ,1.90E+07  ,2.492E+07 ,1.799E+05
memcpy_dev_v32_movsb_v22,rand SPEC2017   ,256     ,0      ,-1     ,65536    ,10000  ,65536       ,4.070E+07 ,4.070E+07 ,4.070E+07 ,4.03E+07  ,4.792E+07 ,1.780E+05
memcpy_glibc_v32_movsb  ,rand SPEC2017   ,1       ,16     ,256    ,32768    ,20000  ,32768       ,2.619E+05 ,2.606E+05 ,2.619E+05 ,2.51E+05  ,3.037E+05 ,5.231E+03
memcpy_glibc_v32_movsb  ,rand SPEC2017   ,1       ,32     ,256    ,16384    ,40000  ,16384       ,8.752E+04 ,8.661E+04 ,8.746E+04 ,8.34E+04  ,1.234E+05 ,3.197E+03
memcpy_glibc_v32_movsb  ,rand SPEC2017   ,1       ,33     ,256    ,8192     ,80000  ,8192        ,4.531E+04 ,4.541E+04 ,4.526E+04 ,4.35E+04  ,9.693E+04 ,2.581E+03
memcpy_glibc_v32_movsb  ,rand SPEC2017   ,1       ,16     ,257    ,32768    ,20000  ,32768       ,2.625E+05 ,2.619E+05 ,2.624E+05 ,2.50E+05  ,3.052E+05 ,4.671E+03
memcpy_glibc_v32_movsb  ,rand SPEC2017   ,1       ,32     ,257    ,16384    ,40000  ,16384       ,8.665E+04 ,8.569E+04 ,8.660E+04 ,8.27E+04  ,1.331E+05 ,3.126E+03
memcpy_glibc_v32_movsb  ,rand SPEC2017   ,1       ,33     ,257    ,8192     ,80000  ,8192        ,4.699E+04 ,4.711E+04 ,4.695E+04 ,4.49E+04  ,8.235E+04 ,2.311E+03
memcpy_glibc_v32_movsb  ,rand SPEC2017   ,1       ,0      ,31     ,16384    ,40000  ,16384       ,1.601E+05 ,1.595E+05 ,1.600E+05 ,1.48E+05  ,2.265E+05 ,5.036E+03
memcpy_glibc_v32_movsb  ,rand SPEC2017   ,1       ,0      ,32     ,32768    ,20000  ,32768       ,3.395E+05 ,3.389E+05 ,3.395E+05 ,3.23E+05  ,3.878E+05 ,5.144E+03
memcpy_glibc_v32_movsb  ,rand SPEC2017   ,1       ,0      ,64     ,32768    ,20000  ,32768       ,3.405E+05 ,3.394E+05 ,3.405E+05 ,3.27E+05  ,3.976E+05 ,5.033E+03
memcpy_glibc_v32_movsb  ,rand SPEC2017   ,1       ,0      ,65     ,32768    ,20000  ,32768       ,3.438E+05 ,3.415E+05 ,3.437E+05 ,3.33E+05  ,4.569E+05 ,7.732E+03
memcpy_glibc_v32_movsb  ,rand SPEC2017   ,1       ,0      ,128    ,32768    ,20000  ,32768       ,3.479E+05 ,3.469E+05 ,3.479E+05 ,3.31E+05  ,4.010E+05 ,5.077E+03
memcpy_glibc_v32_movsb  ,rand SPEC2017   ,1       ,0      ,256    ,32768    ,20000  ,32768       ,3.839E+05 ,3.805E+05 ,3.838E+05 ,3.73E+05  ,5.037E+05 ,8.143E+03
memcpy_glibc_v32_movsb  ,rand SPEC2017   ,1       ,32     ,-1     ,32768    ,20000  ,32768       ,4.113E+05 ,4.109E+05 ,4.112E+05 ,3.95E+05  ,4.686E+05 ,9.507E+03
memcpy_glibc_v32_movsb  ,rand SPEC2017   ,1       ,33     ,-1     ,8192     ,80000  ,8192        ,1.194E+05 ,1.184E+05 ,1.194E+05 ,1.12E+05  ,1.600E+05 ,3.595E+03
memcpy_glibc_v32_movsb  ,rand SPEC2017   ,1       ,64     ,-1     ,8192     ,80000  ,8192        ,1.219E+05 ,1.208E+05 ,1.218E+05 ,1.15E+05  ,1.675E+05 ,4.189E+03
memcpy_glibc_v32_movsb  ,rand SPEC2017   ,1       ,65     ,-1     ,8192     ,80000  ,8192        ,1.231E+05 ,1.218E+05 ,1.230E+05 ,1.16E+05  ,2.022E+05 ,4.223E+03
memcpy_glibc_v32_movsb  ,rand SPEC2017   ,1       ,129    ,-1     ,8192     ,80000  ,8192        ,1.321E+05 ,1.311E+05 ,1.321E+05 ,1.26E+05  ,2.131E+05 ,3.541E+03
memcpy_glibc_v32_movsb  ,rand SPEC2017   ,1       ,257    ,-1     ,4096     ,160000 ,4096        ,6.872E+04 ,6.791E+04 ,6.867E+04 ,6.61E+04  ,1.490E+05 ,2.851E+03
memcpy_glibc_v32_movsb  ,rand SPEC2017   ,1       ,0      ,-1     ,65536    ,10000  ,65536       ,1.020E+06 ,1.016E+06 ,1.020E+06 ,9.87E+05  ,1.080E+06 ,1.282E+04
memcpy_glibc_v32_movsb  ,rand SPEC2017   ,2       ,0      ,-1     ,65536    ,10000  ,65536       ,9.189E+05 ,9.133E+05 ,9.188E+05 ,8.79E+05  ,9.960E+05 ,1.516E+04
memcpy_glibc_v32_movsb  ,rand SPEC2017   ,4       ,0      ,-1     ,65536    ,10000  ,65536       ,1.175E+06 ,1.174E+06 ,1.175E+06 ,1.13E+06  ,1.273E+06 ,1.261E+04
memcpy_glibc_v32_movsb  ,rand SPEC2017   ,8       ,0      ,-1     ,65536    ,10000  ,65536       ,1.453E+06 ,1.444E+06 ,1.452E+06 ,1.39E+06  ,1.976E+06 ,2.309E+04
memcpy_glibc_v32_movsb  ,rand SPEC2017   ,16      ,0      ,-1     ,65536    ,10000  ,65536       ,2.532E+06 ,2.540E+06 ,2.532E+06 ,2.44E+06  ,3.250E+06 ,2.853E+04
memcpy_glibc_v32_movsb  ,rand SPEC2017   ,32      ,0      ,-1     ,65536    ,10000  ,65536       ,4.616E+06 ,4.580E+06 ,4.615E+06 ,4.55E+06  ,5.638E+06 ,6.403E+04
memcpy_glibc_v32_movsb  ,rand SPEC2017   ,64      ,0      ,-1     ,65536    ,10000  ,65536       ,9.441E+06 ,9.403E+06 ,9.440E+06 ,9.30E+06  ,1.255E+07 ,9.954E+04
memcpy_glibc_v32_movsb  ,rand SPEC2017   ,128     ,0      ,-1     ,65536    ,10000  ,65536       ,2.014E+07 ,2.010E+07 ,2.014E+07 ,2.00E+07  ,2.611E+07 ,1.534E+05
memcpy_glibc_v32_movsb  ,rand SPEC2017   ,256     ,0      ,-1     ,65536    ,10000  ,65536       ,4.183E+07 ,4.179E+07 ,4.183E+07 ,4.15E+07  ,5.070E+07 ,3.168E+05
memcpy_dev_v32_movsb_v19,rand SPEC2017   ,1       ,16     ,256    ,32768    ,20000  ,32768       ,2.576E+05 ,2.559E+05 ,2.575E+05 ,2.43E+05  ,2.971E+05 ,5.994E+03
memcpy_dev_v32_movsb_v19,rand SPEC2017   ,1       ,32     ,256    ,16384    ,40000  ,16384       ,8.624E+04 ,8.617E+04 ,8.618E+04 ,8.18E+04  ,1.373E+05 ,3.390E+03
memcpy_dev_v32_movsb_v19,rand SPEC2017   ,1       ,33     ,256    ,8192     ,80000  ,8192        ,4.663E+04 ,4.675E+04 ,4.659E+04 ,4.49E+04  ,8.333E+04 ,2.388E+03
memcpy_dev_v32_movsb_v19,rand SPEC2017   ,1       ,16     ,257    ,32768    ,20000  ,32768       ,2.551E+05 ,2.538E+05 ,2.551E+05 ,2.43E+05  ,3.035E+05 ,5.649E+03
memcpy_dev_v32_movsb_v19,rand SPEC2017   ,1       ,32     ,257    ,16384    ,40000  ,16384       ,8.654E+04 ,8.664E+04 ,8.648E+04 ,8.31E+04  ,1.229E+05 ,3.328E+03
memcpy_dev_v32_movsb_v19,rand SPEC2017   ,1       ,33     ,257    ,8192     ,80000  ,8192        ,4.615E+04 ,4.557E+04 ,4.611E+04 ,4.47E+04  ,8.353E+04 ,2.174E+03
memcpy_dev_v32_movsb_v19,rand SPEC2017   ,1       ,0      ,31     ,16384    ,40000  ,16384       ,1.361E+05 ,1.352E+05 ,1.360E+05 ,1.30E+05  ,2.335E+05 ,5.007E+03
memcpy_dev_v32_movsb_v19,rand SPEC2017   ,1       ,0      ,32     ,32768    ,20000  ,32768       ,3.384E+05 ,3.369E+05 ,3.383E+05 ,3.28E+05  ,4.510E+05 ,7.474E+03
memcpy_dev_v32_movsb_v19,rand SPEC2017   ,1       ,0      ,64     ,32768    ,20000  ,32768       ,3.368E+05 ,3.341E+05 ,3.367E+05 ,3.27E+05  ,3.925E+05 ,7.234E+03
memcpy_dev_v32_movsb_v19,rand SPEC2017   ,1       ,0      ,65     ,32768    ,20000  ,32768       ,3.357E+05 ,3.330E+05 ,3.356E+05 ,3.27E+05  ,4.439E+05 ,6.911E+03
memcpy_dev_v32_movsb_v19,rand SPEC2017   ,1       ,0      ,128    ,32768    ,20000  ,32768       ,3.467E+05 ,3.446E+05 ,3.466E+05 ,3.35E+05  ,5.101E+05 ,1.028E+04
memcpy_dev_v32_movsb_v19,rand SPEC2017   ,1       ,0      ,256    ,32768    ,20000  ,32768       ,3.769E+05 ,3.782E+05 ,3.768E+05 ,3.63E+05  ,4.539E+05 ,7.860E+03
memcpy_dev_v32_movsb_v19,rand SPEC2017   ,1       ,32     ,-1     ,32768    ,20000  ,32768       ,4.038E+05 ,4.028E+05 ,4.037E+05 ,3.85E+05  ,5.912E+05 ,1.183E+04
memcpy_dev_v32_movsb_v19,rand SPEC2017   ,1       ,33     ,-1     ,8192     ,80000  ,8192        ,1.130E+05 ,1.122E+05 ,1.130E+05 ,1.08E+05  ,1.687E+05 ,3.807E+03
memcpy_dev_v32_movsb_v19,rand SPEC2017   ,1       ,64     ,-1     ,8192     ,80000  ,8192        ,1.154E+05 ,1.144E+05 ,1.154E+05 ,1.09E+05  ,1.992E+05 ,4.079E+03
memcpy_dev_v32_movsb_v19,rand SPEC2017   ,1       ,65     ,-1     ,8192     ,80000  ,8192        ,1.169E+05 ,1.159E+05 ,1.168E+05 ,1.11E+05  ,1.639E+05 ,3.416E+03
memcpy_dev_v32_movsb_v19,rand SPEC2017   ,1       ,129    ,-1     ,8192     ,80000  ,8192        ,1.241E+05 ,1.234E+05 ,1.241E+05 ,1.18E+05  ,2.201E+05 ,3.489E+03
memcpy_dev_v32_movsb_v19,rand SPEC2017   ,1       ,257    ,-1     ,4096     ,160000 ,4096        ,6.645E+04 ,6.572E+04 ,6.641E+04 ,6.24E+04  ,1.354E+05 ,2.636E+03
memcpy_dev_v32_movsb_v19,rand SPEC2017   ,1       ,0      ,-1     ,65536    ,10000  ,65536       ,1.008E+06 ,9.989E+05 ,1.008E+06 ,9.79E+05  ,1.388E+06 ,2.174E+04
memcpy_dev_v32_movsb_v19,rand SPEC2017   ,2       ,0      ,-1     ,65536    ,10000  ,65536       ,8.889E+05 ,8.836E+05 ,8.887E+05 ,8.58E+05  ,9.812E+05 ,1.556E+04
memcpy_dev_v32_movsb_v19,rand SPEC2017   ,4       ,0      ,-1     ,65536    ,10000  ,65536       ,1.130E+06 ,1.126E+06 ,1.130E+06 ,1.09E+06  ,1.234E+06 ,1.447E+04
memcpy_dev_v32_movsb_v19,rand SPEC2017   ,8       ,0      ,-1     ,65536    ,10000  ,65536       ,1.423E+06 ,1.413E+06 ,1.423E+06 ,1.37E+06  ,1.535E+06 ,2.190E+04
memcpy_dev_v32_movsb_v19,rand SPEC2017   ,16      ,0      ,-1     ,65536    ,10000  ,65536       ,2.459E+06 ,2.448E+06 ,2.459E+06 ,2.36E+06  ,2.702E+06 ,3.195E+04
memcpy_dev_v32_movsb_v19,rand SPEC2017   ,32      ,0      ,-1     ,65536    ,10000  ,65536       ,4.499E+06 ,4.465E+06 ,4.498E+06 ,4.44E+06  ,4.850E+06 ,5.647E+04
memcpy_dev_v32_movsb_v19,rand SPEC2017   ,64      ,0      ,-1     ,65536    ,10000  ,65536       ,9.306E+06 ,9.284E+06 ,9.306E+06 ,9.18E+06  ,1.240E+07 ,9.628E+04
memcpy_dev_v32_movsb_v19,rand SPEC2017   ,128     ,0      ,-1     ,65536    ,10000  ,65536       ,1.926E+07 ,1.926E+07 ,1.926E+07 ,1.90E+07  ,2.381E+07 ,1.011E+05
memcpy_dev_v32_movsb_v19,rand SPEC2017   ,256     ,0      ,-1     ,65536    ,10000  ,65536       ,4.101E+07 ,4.100E+07 ,4.101E+07 ,4.05E+07  ,4.840E+07 ,2.233E+05
memcpy_dev_v32_movsb_v20,rand SPEC2017   ,1       ,16     ,256    ,32768    ,20000  ,32768       ,2.563E+05 ,2.561E+05 ,2.562E+05 ,2.48E+05  ,3.901E+05 ,8.220E+03
memcpy_dev_v32_movsb_v20,rand SPEC2017   ,1       ,32     ,256    ,16384    ,40000  ,16384       ,8.585E+04 ,8.567E+04 ,8.578E+04 ,8.15E+04  ,1.565E+05 ,3.598E+03
memcpy_dev_v32_movsb_v20,rand SPEC2017   ,1       ,33     ,256    ,8192     ,80000  ,8192        ,4.491E+04 ,4.421E+04 ,4.486E+04 ,4.35E+04  ,8.477E+04 ,2.278E+03
memcpy_dev_v32_movsb_v20,rand SPEC2017   ,1       ,16     ,257    ,32768    ,20000  ,32768       ,2.535E+05 ,2.513E+05 ,2.535E+05 ,2.46E+05  ,2.911E+05 ,5.768E+03
memcpy_dev_v32_movsb_v20,rand SPEC2017   ,1       ,32     ,257    ,16384    ,40000  ,16384       ,8.525E+04 ,8.532E+04 ,8.519E+04 ,8.09E+04  ,1.393E+05 ,3.121E+03
memcpy_dev_v32_movsb_v20,rand SPEC2017   ,1       ,33     ,257    ,8192     ,80000  ,8192        ,4.802E+04 ,4.800E+04 ,4.796E+04 ,4.60E+04  ,1.025E+05 ,2.597E+03
memcpy_dev_v32_movsb_v20,rand SPEC2017   ,1       ,0      ,31     ,16384    ,40000  ,16384       ,1.511E+05 ,1.501E+05 ,1.510E+05 ,1.39E+05  ,1.905E+05 ,4.465E+03
memcpy_dev_v32_movsb_v20,rand SPEC2017   ,1       ,0      ,32     ,32768    ,20000  ,32768       ,3.413E+05 ,3.402E+05 ,3.412E+05 ,3.30E+05  ,3.896E+05 ,7.630E+03
memcpy_dev_v32_movsb_v20,rand SPEC2017   ,1       ,0      ,64     ,32768    ,20000  ,32768       ,3.412E+05 ,3.400E+05 ,3.411E+05 ,3.29E+05  ,3.884E+05 ,7.514E+03
memcpy_dev_v32_movsb_v20,rand SPEC2017   ,1       ,0      ,65     ,32768    ,20000  ,32768       ,3.419E+05 ,3.414E+05 ,3.418E+05 ,3.29E+05  ,5.040E+05 ,1.002E+04
memcpy_dev_v32_movsb_v20,rand SPEC2017   ,1       ,0      ,128    ,32768    ,20000  ,32768       ,3.482E+05 ,3.461E+05 ,3.481E+05 ,3.37E+05  ,4.284E+05 ,7.630E+03
memcpy_dev_v32_movsb_v20,rand SPEC2017   ,1       ,0      ,256    ,32768    ,20000  ,32768       ,3.840E+05 ,3.821E+05 ,3.839E+05 ,3.65E+05  ,5.472E+05 ,1.120E+04
memcpy_dev_v32_movsb_v20,rand SPEC2017   ,1       ,32     ,-1     ,32768    ,20000  ,32768       ,4.049E+05 ,4.042E+05 ,4.047E+05 ,3.86E+05  ,6.043E+05 ,1.361E+04
memcpy_dev_v32_movsb_v20,rand SPEC2017   ,1       ,33     ,-1     ,8192     ,80000  ,8192        ,1.137E+05 ,1.125E+05 ,1.136E+05 ,1.09E+05  ,1.662E+05 ,3.895E+03
memcpy_dev_v32_movsb_v20,rand SPEC2017   ,1       ,64     ,-1     ,8192     ,80000  ,8192        ,1.153E+05 ,1.140E+05 ,1.152E+05 ,1.10E+05  ,2.167E+05 ,4.994E+03
memcpy_dev_v32_movsb_v20,rand SPEC2017   ,1       ,65     ,-1     ,8192     ,80000  ,8192        ,1.181E+05 ,1.169E+05 ,1.180E+05 ,1.12E+05  ,2.222E+05 ,4.475E+03
memcpy_dev_v32_movsb_v20,rand SPEC2017   ,1       ,129    ,-1     ,8192     ,80000  ,8192        ,1.247E+05 ,1.237E+05 ,1.246E+05 ,1.19E+05  ,1.976E+05 ,3.360E+03
memcpy_dev_v32_movsb_v20,rand SPEC2017   ,1       ,257    ,-1     ,4096     ,160000 ,4096        ,6.770E+04 ,6.720E+04 ,6.764E+04 ,6.43E+04  ,1.172E+05 ,3.120E+03
memcpy_dev_v32_movsb_v20,rand SPEC2017   ,1       ,0      ,-1     ,65536    ,10000  ,65536       ,1.005E+06 ,9.963E+05 ,1.005E+06 ,9.64E+05  ,1.160E+06 ,1.652E+04
memcpy_dev_v32_movsb_v20,rand SPEC2017   ,2       ,0      ,-1     ,65536    ,10000  ,65536       ,8.941E+05 ,8.895E+05 ,8.938E+05 ,8.67E+05  ,1.275E+06 ,2.099E+04
memcpy_dev_v32_movsb_v20,rand SPEC2017   ,4       ,0      ,-1     ,65536    ,10000  ,65536       ,1.137E+06 ,1.129E+06 ,1.137E+06 ,1.11E+06  ,1.245E+06 ,1.789E+04
memcpy_dev_v32_movsb_v20,rand SPEC2017   ,8       ,0      ,-1     ,65536    ,10000  ,65536       ,1.423E+06 ,1.411E+06 ,1.423E+06 ,1.39E+06  ,2.089E+06 ,3.170E+04
memcpy_dev_v32_movsb_v20,rand SPEC2017   ,16      ,0      ,-1     ,65536    ,10000  ,65536       ,2.454E+06 ,2.454E+06 ,2.454E+06 ,2.37E+06  ,3.748E+06 ,3.525E+04
memcpy_dev_v32_movsb_v20,rand SPEC2017   ,32      ,0      ,-1     ,65536    ,10000  ,65536       ,4.524E+06 ,4.517E+06 ,4.523E+06 ,4.44E+06  ,6.814E+06 ,7.370E+04
memcpy_dev_v32_movsb_v20,rand SPEC2017   ,64      ,0      ,-1     ,65536    ,10000  ,65536       ,9.332E+06 ,9.296E+06 ,9.331E+06 ,9.21E+06  ,1.333E+07 ,1.067E+05
memcpy_dev_v32_movsb_v20,rand SPEC2017   ,128     ,0      ,-1     ,65536    ,10000  ,65536       ,1.946E+07 ,1.941E+07 ,1.946E+07 ,1.93E+07  ,2.357E+07 ,1.486E+05
memcpy_dev_v32_movsb_v20,rand SPEC2017   ,256     ,0      ,-1     ,65536    ,10000  ,65536       ,4.091E+07 ,4.087E+07 ,4.091E+07 ,4.06E+07  ,4.867E+07 ,2.265E+05
memcpy_dev_v32_movsb_v21,rand SPEC2017   ,1       ,16     ,256    ,32768    ,20000  ,32768       ,2.470E+05 ,2.449E+05 ,2.469E+05 ,2.37E+05  ,3.303E+05 ,6.528E+03
memcpy_dev_v32_movsb_v21,rand SPEC2017   ,1       ,32     ,256    ,16384    ,40000  ,16384       ,8.700E+04 ,8.653E+04 ,8.692E+04 ,8.11E+04  ,1.253E+05 ,3.926E+03
memcpy_dev_v32_movsb_v21,rand SPEC2017   ,1       ,33     ,256    ,8192     ,80000  ,8192        ,4.503E+04 ,4.523E+04 ,4.498E+04 ,4.33E+04  ,9.647E+04 ,2.346E+03
memcpy_dev_v32_movsb_v21,rand SPEC2017   ,1       ,16     ,257    ,32768    ,20000  ,32768       ,2.472E+05 ,2.455E+05 ,2.472E+05 ,2.37E+05  ,3.237E+05 ,6.303E+03
memcpy_dev_v32_movsb_v21,rand SPEC2017   ,1       ,32     ,257    ,16384    ,40000  ,16384       ,8.539E+04 ,8.541E+04 ,8.532E+04 ,8.09E+04  ,1.225E+05 ,3.449E+03
memcpy_dev_v32_movsb_v21,rand SPEC2017   ,1       ,33     ,257    ,8192     ,80000  ,8192        ,4.476E+04 ,4.388E+04 ,4.469E+04 ,4.32E+04  ,9.508E+04 ,2.921E+03
memcpy_dev_v32_movsb_v21,rand SPEC2017   ,1       ,0      ,31     ,16384    ,40000  ,16384       ,1.486E+05 ,1.480E+05 ,1.486E+05 ,1.37E+05  ,1.935E+05 ,4.800E+03
memcpy_dev_v32_movsb_v21,rand SPEC2017   ,1       ,0      ,32     ,32768    ,20000  ,32768       ,3.405E+05 ,3.379E+05 ,3.404E+05 ,3.29E+05  ,4.550E+05 ,7.755E+03
memcpy_dev_v32_movsb_v21,rand SPEC2017   ,1       ,0      ,64     ,32768    ,20000  ,32768       ,3.396E+05 ,3.373E+05 ,3.395E+05 ,3.28E+05  ,4.192E+05 ,7.768E+03
memcpy_dev_v32_movsb_v21,rand SPEC2017   ,1       ,0      ,65     ,32768    ,20000  ,32768       ,3.417E+05 ,3.413E+05 ,3.416E+05 ,3.28E+05  ,4.648E+05 ,9.562E+03
memcpy_dev_v32_movsb_v21,rand SPEC2017   ,1       ,0      ,128    ,32768    ,20000  ,32768       ,3.503E+05 ,3.501E+05 ,3.502E+05 ,3.37E+05  ,4.660E+05 ,8.378E+03
memcpy_dev_v32_movsb_v21,rand SPEC2017   ,1       ,0      ,256    ,32768    ,20000  ,32768       ,3.845E+05 ,3.839E+05 ,3.844E+05 ,3.65E+05  ,5.325E+05 ,9.646E+03
memcpy_dev_v32_movsb_v21,rand SPEC2017   ,1       ,32     ,-1     ,32768    ,20000  ,32768       ,4.017E+05 ,4.013E+05 ,4.016E+05 ,3.82E+05  ,5.971E+05 ,1.069E+04
memcpy_dev_v32_movsb_v21,rand SPEC2017   ,1       ,33     ,-1     ,8192     ,80000  ,8192        ,1.134E+05 ,1.123E+05 ,1.133E+05 ,1.09E+05  ,1.653E+05 ,3.806E+03
memcpy_dev_v32_movsb_v21,rand SPEC2017   ,1       ,64     ,-1     ,8192     ,80000  ,8192        ,1.151E+05 ,1.139E+05 ,1.150E+05 ,1.11E+05  ,1.713E+05 ,3.514E+03
memcpy_dev_v32_movsb_v21,rand SPEC2017   ,1       ,65     ,-1     ,8192     ,80000  ,8192        ,1.172E+05 ,1.160E+05 ,1.171E+05 ,1.14E+05  ,2.046E+05 ,4.074E+03
memcpy_dev_v32_movsb_v21,rand SPEC2017   ,1       ,129    ,-1     ,8192     ,80000  ,8192        ,1.252E+05 ,1.238E+05 ,1.251E+05 ,1.21E+05  ,2.265E+05 ,5.280E+03
memcpy_dev_v32_movsb_v21,rand SPEC2017   ,1       ,257    ,-1     ,4096     ,160000 ,4096        ,6.745E+04 ,6.701E+04 ,6.739E+04 ,6.44E+04  ,1.086E+05 ,2.942E+03
memcpy_dev_v32_movsb_v21,rand SPEC2017   ,1       ,0      ,-1     ,65536    ,10000  ,65536       ,1.002E+06 ,1.005E+06 ,1.001E+06 ,9.69E+05  ,1.338E+06 ,1.791E+04
memcpy_dev_v32_movsb_v21,rand SPEC2017   ,2       ,0      ,-1     ,65536    ,10000  ,65536       ,8.882E+05 ,8.935E+05 ,8.880E+05 ,8.60E+05  ,1.162E+06 ,1.855E+04
memcpy_dev_v32_movsb_v21,rand SPEC2017   ,4       ,0      ,-1     ,65536    ,10000  ,65536       ,1.138E+06 ,1.130E+06 ,1.138E+06 ,1.11E+06  ,1.660E+06 ,2.403E+04
memcpy_dev_v32_movsb_v21,rand SPEC2017   ,8       ,0      ,-1     ,65536    ,10000  ,65536       ,1.427E+06 ,1.412E+06 ,1.427E+06 ,1.39E+06  ,2.180E+06 ,3.679E+04
memcpy_dev_v32_movsb_v21,rand SPEC2017   ,16      ,0      ,-1     ,65536    ,10000  ,65536       ,2.442E+06 ,2.440E+06 ,2.442E+06 ,2.36E+06  ,3.822E+06 ,5.778E+04
memcpy_dev_v32_movsb_v21,rand SPEC2017   ,32      ,0      ,-1     ,65536    ,10000  ,65536       ,4.504E+06 ,4.496E+06 ,4.504E+06 ,4.43E+06  ,5.409E+06 ,6.218E+04
memcpy_dev_v32_movsb_v21,rand SPEC2017   ,64      ,0      ,-1     ,65536    ,10000  ,65536       ,9.360E+06 ,9.300E+06 ,9.359E+06 ,9.20E+06  ,1.252E+07 ,1.083E+05
memcpy_dev_v32_movsb_v21,rand SPEC2017   ,128     ,0      ,-1     ,65536    ,10000  ,65536       ,1.913E+07 ,1.911E+07 ,1.913E+07 ,1.89E+07  ,2.449E+07 ,1.858E+05
memcpy_dev_v32_movsb_v21,rand SPEC2017   ,256     ,0      ,-1     ,65536    ,10000  ,65536       ,4.200E+07 ,4.195E+07 ,4.200E+07 ,4.17E+07  ,5.034E+07 ,3.624E+05
memcpy_dev_v32_movsb_v22,rand SPEC2017   ,1       ,16     ,256    ,32768    ,20000  ,32768       ,2.563E+05 ,2.548E+05 ,2.562E+05 ,2.46E+05  ,2.971E+05 ,5.550E+03
memcpy_dev_v32_movsb_v22,rand SPEC2017   ,1       ,32     ,256    ,16384    ,40000  ,16384       ,8.647E+04 ,8.650E+04 ,8.641E+04 ,8.23E+04  ,1.434E+05 ,3.639E+03
memcpy_dev_v32_movsb_v22,rand SPEC2017   ,1       ,33     ,256    ,8192     ,80000  ,8192        ,4.625E+04 ,4.623E+04 ,4.618E+04 ,4.42E+04  ,1.036E+05 ,2.976E+03
memcpy_dev_v32_movsb_v22,rand SPEC2017   ,1       ,16     ,257    ,32768    ,20000  ,32768       ,2.571E+05 ,2.561E+05 ,2.570E+05 ,2.48E+05  ,2.975E+05 ,6.241E+03
memcpy_dev_v32_movsb_v22,rand SPEC2017   ,1       ,32     ,257    ,16384    ,40000  ,16384       ,8.606E+04 ,8.615E+04 ,8.599E+04 ,8.23E+04  ,1.513E+05 ,3.657E+03
memcpy_dev_v32_movsb_v22,rand SPEC2017   ,1       ,33     ,257    ,8192     ,80000  ,8192        ,4.555E+04 ,4.575E+04 ,4.550E+04 ,4.39E+04  ,1.169E+05 ,2.495E+03
memcpy_dev_v32_movsb_v22,rand SPEC2017   ,1       ,0      ,31     ,16384    ,40000  ,16384       ,1.365E+05 ,1.352E+05 ,1.364E+05 ,1.31E+05  ,2.251E+05 ,5.040E+03
memcpy_dev_v32_movsb_v22,rand SPEC2017   ,1       ,0      ,32     ,32768    ,20000  ,32768       ,3.377E+05 ,3.388E+05 ,3.376E+05 ,3.26E+05  ,3.838E+05 ,7.375E+03
memcpy_dev_v32_movsb_v22,rand SPEC2017   ,1       ,0      ,64     ,32768    ,20000  ,32768       ,3.401E+05 ,3.405E+05 ,3.399E+05 ,3.27E+05  ,4.791E+05 ,9.034E+03
memcpy_dev_v32_movsb_v22,rand SPEC2017   ,1       ,0      ,65     ,32768    ,20000  ,32768       ,3.386E+05 ,3.397E+05 ,3.385E+05 ,3.27E+05  ,3.853E+05 ,7.440E+03
memcpy_dev_v32_movsb_v22,rand SPEC2017   ,1       ,0      ,128    ,32768    ,20000  ,32768       ,3.479E+05 ,3.495E+05 ,3.478E+05 ,3.37E+05  ,4.484E+05 ,7.643E+03
memcpy_dev_v32_movsb_v22,rand SPEC2017   ,1       ,0      ,256    ,32768    ,20000  ,32768       ,3.805E+05 ,3.807E+05 ,3.804E+05 ,3.65E+05  ,4.293E+05 ,5.100E+03
memcpy_dev_v32_movsb_v22,rand SPEC2017   ,1       ,32     ,-1     ,32768    ,20000  ,32768       ,4.080E+05 ,4.071E+05 ,4.080E+05 ,3.87E+05  ,4.739E+05 ,7.141E+03
memcpy_dev_v32_movsb_v22,rand SPEC2017   ,1       ,33     ,-1     ,8192     ,80000  ,8192        ,1.147E+05 ,1.144E+05 ,1.147E+05 ,1.09E+05  ,1.936E+05 ,4.474E+03
memcpy_dev_v32_movsb_v22,rand SPEC2017   ,1       ,64     ,-1     ,8192     ,80000  ,8192        ,1.156E+05 ,1.154E+05 ,1.155E+05 ,1.10E+05  ,1.561E+05 ,4.185E+03
memcpy_dev_v32_movsb_v22,rand SPEC2017   ,1       ,65     ,-1     ,8192     ,80000  ,8192        ,1.174E+05 ,1.172E+05 ,1.174E+05 ,1.12E+05  ,1.888E+05 ,4.241E+03
memcpy_dev_v32_movsb_v22,rand SPEC2017   ,1       ,129    ,-1     ,8192     ,80000  ,8192        ,1.251E+05 ,1.236E+05 ,1.250E+05 ,1.20E+05  ,2.055E+05 ,4.130E+03
memcpy_dev_v32_movsb_v22,rand SPEC2017   ,1       ,257    ,-1     ,4096     ,160000 ,4096        ,6.783E+04 ,6.747E+04 ,6.777E+04 ,6.45E+04  ,1.225E+05 ,3.096E+03
memcpy_dev_v32_movsb_v22,rand SPEC2017   ,1       ,0      ,-1     ,65536    ,10000  ,65536       ,1.012E+06 ,1.018E+06 ,1.012E+06 ,9.80E+05  ,1.067E+06 ,1.583E+04
memcpy_dev_v32_movsb_v22,rand SPEC2017   ,2       ,0      ,-1     ,65536    ,10000  ,65536       ,9.009E+05 ,9.028E+05 ,9.008E+05 ,8.68E+05  ,1.245E+06 ,1.877E+04
memcpy_dev_v32_movsb_v22,rand SPEC2017   ,4       ,0      ,-1     ,65536    ,10000  ,65536       ,1.144E+06 ,1.137E+06 ,1.143E+06 ,1.11E+06  ,1.355E+06 ,1.999E+04
memcpy_dev_v32_movsb_v22,rand SPEC2017   ,8       ,0      ,-1     ,65536    ,10000  ,65536       ,1.424E+06 ,1.411E+06 ,1.424E+06 ,1.36E+06  ,2.321E+06 ,2.481E+04
memcpy_dev_v32_movsb_v22,rand SPEC2017   ,16      ,0      ,-1     ,65536    ,10000  ,65536       ,2.441E+06 ,2.442E+06 ,2.441E+06 ,2.36E+06  ,2.557E+06 ,1.984E+04
memcpy_dev_v32_movsb_v22,rand SPEC2017   ,32      ,0      ,-1     ,65536    ,10000  ,65536       ,4.530E+06 ,4.534E+06 ,4.529E+06 ,4.44E+06  ,5.617E+06 ,6.855E+04
memcpy_dev_v32_movsb_v22,rand SPEC2017   ,64      ,0      ,-1     ,65536    ,10000  ,65536       ,9.334E+06 ,9.287E+06 ,9.333E+06 ,9.20E+06  ,1.262E+07 ,1.253E+05
memcpy_dev_v32_movsb_v22,rand SPEC2017   ,128     ,0      ,-1     ,65536    ,10000  ,65536       ,1.932E+07 ,1.929E+07 ,1.932E+07 ,1.91E+07  ,2.455E+07 ,1.421E+05
memcpy_dev_v32_movsb_v22,rand SPEC2017   ,256     ,0      ,-1     ,65536    ,10000  ,65536       ,4.166E+07 ,4.164E+07 ,4.166E+07 ,4.13E+07  ,4.994E+07 ,2.360E+05
memcpy_glibc_v32_movsb  ,rand SPEC2017   ,1       ,16     ,256    ,32768    ,20000  ,32768       ,2.677E+05 ,2.660E+05 ,2.676E+05 ,2.53E+05  ,4.626E+05 ,6.719E+03
memcpy_glibc_v32_movsb  ,rand SPEC2017   ,1       ,32     ,256    ,16384    ,40000  ,16384       ,8.693E+04 ,8.590E+04 ,8.687E+04 ,8.30E+04  ,1.865E+05 ,3.667E+03
memcpy_glibc_v32_movsb  ,rand SPEC2017   ,1       ,33     ,256    ,8192     ,80000  ,8192        ,4.569E+04 ,4.568E+04 ,4.563E+04 ,4.37E+04  ,1.003E+05 ,2.511E+03
memcpy_glibc_v32_movsb  ,rand SPEC2017   ,1       ,16     ,257    ,32768    ,20000  ,32768       ,2.646E+05 ,2.633E+05 ,2.645E+05 ,2.48E+05  ,4.418E+05 ,6.851E+03
memcpy_glibc_v32_movsb  ,rand SPEC2017   ,1       ,32     ,257    ,16384    ,40000  ,16384       ,8.692E+04 ,8.602E+04 ,8.687E+04 ,8.30E+04  ,1.366E+05 ,3.241E+03
memcpy_glibc_v32_movsb  ,rand SPEC2017   ,1       ,33     ,257    ,8192     ,80000  ,8192        ,4.488E+04 ,4.484E+04 ,4.486E+04 ,4.30E+04  ,8.228E+04 ,1.714E+03
memcpy_glibc_v32_movsb  ,rand SPEC2017   ,1       ,0      ,31     ,16384    ,40000  ,16384       ,1.615E+05 ,1.609E+05 ,1.614E+05 ,1.49E+05  ,2.121E+05 ,5.320E+03
memcpy_glibc_v32_movsb  ,rand SPEC2017   ,1       ,0      ,32     ,32768    ,20000  ,32768       ,3.438E+05 ,3.416E+05 ,3.437E+05 ,3.32E+05  ,4.349E+05 ,7.530E+03
memcpy_glibc_v32_movsb  ,rand SPEC2017   ,1       ,0      ,64     ,32768    ,20000  ,32768       ,3.442E+05 ,3.416E+05 ,3.441E+05 ,3.32E+05  ,4.972E+05 ,9.245E+03
memcpy_glibc_v32_movsb  ,rand SPEC2017   ,1       ,0      ,65     ,32768    ,20000  ,32768       ,3.422E+05 ,3.395E+05 ,3.421E+05 ,3.32E+05  ,4.903E+05 ,9.069E+03
memcpy_glibc_v32_movsb  ,rand SPEC2017   ,1       ,0      ,128    ,32768    ,20000  ,32768       ,3.503E+05 ,3.481E+05 ,3.502E+05 ,3.41E+05  ,4.636E+05 ,6.899E+03
memcpy_glibc_v32_movsb  ,rand SPEC2017   ,1       ,0      ,256    ,32768    ,20000  ,32768       ,3.864E+05 ,3.843E+05 ,3.863E+05 ,3.75E+05  ,4.383E+05 ,8.060E+03
memcpy_glibc_v32_movsb  ,rand SPEC2017   ,1       ,32     ,-1     ,32768    ,20000  ,32768       ,4.122E+05 ,4.121E+05 ,4.121E+05 ,3.95E+05  ,4.970E+05 ,9.479E+03
memcpy_glibc_v32_movsb  ,rand SPEC2017   ,1       ,33     ,-1     ,8192     ,80000  ,8192        ,1.203E+05 ,1.193E+05 ,1.203E+05 ,1.15E+05  ,1.947E+05 ,4.164E+03
memcpy_glibc_v32_movsb  ,rand SPEC2017   ,1       ,64     ,-1     ,8192     ,80000  ,8192        ,1.222E+05 ,1.211E+05 ,1.221E+05 ,1.16E+05  ,2.276E+05 ,4.675E+03
memcpy_glibc_v32_movsb  ,rand SPEC2017   ,1       ,65     ,-1     ,8192     ,80000  ,8192        ,1.230E+05 ,1.218E+05 ,1.230E+05 ,1.18E+05  ,1.783E+05 ,4.242E+03
memcpy_glibc_v32_movsb  ,rand SPEC2017   ,1       ,129    ,-1     ,8192     ,80000  ,8192        ,1.329E+05 ,1.320E+05 ,1.329E+05 ,1.26E+05  ,2.393E+05 ,3.993E+03
memcpy_glibc_v32_movsb  ,rand SPEC2017   ,1       ,257    ,-1     ,4096     ,160000 ,4096        ,6.871E+04 ,6.874E+04 ,6.865E+04 ,6.58E+04  ,1.604E+05 ,2.951E+03
memcpy_glibc_v32_movsb  ,rand SPEC2017   ,1       ,0      ,-1     ,65536    ,10000  ,65536       ,1.023E+06 ,1.014E+06 ,1.023E+06 ,1.00E+06  ,1.082E+06 ,1.680E+04
memcpy_glibc_v32_movsb  ,rand SPEC2017   ,2       ,0      ,-1     ,65536    ,10000  ,65536       ,9.212E+05 ,9.133E+05 ,9.210E+05 ,8.95E+05  ,1.261E+06 ,1.837E+04
memcpy_glibc_v32_movsb  ,rand SPEC2017   ,4       ,0      ,-1     ,65536    ,10000  ,65536       ,1.178E+06 ,1.174E+06 ,1.178E+06 ,1.13E+06  ,1.261E+06 ,1.458E+04
memcpy_glibc_v32_movsb  ,rand SPEC2017   ,8       ,0      ,-1     ,65536    ,10000  ,65536       ,1.460E+06 ,1.447E+06 ,1.460E+06 ,1.42E+06  ,2.129E+06 ,3.101E+04
memcpy_glibc_v32_movsb  ,rand SPEC2017   ,16      ,0      ,-1     ,65536    ,10000  ,65536       ,2.580E+06 ,2.589E+06 ,2.580E+06 ,2.49E+06  ,3.565E+06 ,3.863E+04
memcpy_glibc_v32_movsb  ,rand SPEC2017   ,32      ,0      ,-1     ,65536    ,10000  ,65536       ,4.635E+06 ,4.632E+06 ,4.635E+06 ,4.55E+06  ,5.532E+06 ,6.196E+04
memcpy_glibc_v32_movsb  ,rand SPEC2017   ,64      ,0      ,-1     ,65536    ,10000  ,65536       ,9.468E+06 ,9.409E+06 ,9.468E+06 ,9.34E+06  ,1.266E+07 ,1.140E+05
