impl name               ,test name       ,size    ,al dst ,al src ,dst > src,trials ,inner trials,mean      ,median    ,geomean   ,min       ,max       ,stdev
memcpy_dev_v32_movsb_avx2_v19,rand SPEC2017   ,1       ,16     ,256    ,32768    ,20000  ,32768       ,3.347E+05 ,3.320E+05 ,3.345E+05 ,3.14E+05  ,6.348E+05 ,1.040E+04
memcpy_dev_v32_movsb_avx2_v19,rand SPEC2017   ,1       ,32     ,256    ,16384    ,40000  ,16384       ,1.341E+05 ,1.343E+05 ,1.340E+05 ,1.27E+05  ,4.308E+05 ,3.228E+03
memcpy_dev_v32_movsb_avx2_v19,rand SPEC2017   ,1       ,33     ,256    ,8192     ,80000  ,8192        ,7.789E+04 ,7.808E+04 ,7.788E+04 ,7.38E+04  ,3.691E+05 ,1.820E+03
memcpy_dev_v32_movsb_avx2_v19,rand SPEC2017   ,1       ,16     ,257    ,32768    ,20000  ,32768       ,3.619E+05 ,3.623E+05 ,3.618E+05 ,3.43E+05  ,6.527E+05 ,7.089E+03
memcpy_dev_v32_movsb_avx2_v19,rand SPEC2017   ,1       ,32     ,257    ,16384    ,40000  ,16384       ,1.424E+05 ,1.416E+05 ,1.424E+05 ,1.34E+05  ,4.316E+05 ,2.833E+03
memcpy_dev_v32_movsb_avx2_v19,rand SPEC2017   ,1       ,33     ,257    ,8192     ,80000  ,8192        ,8.093E+04 ,8.032E+04 ,8.091E+04 ,7.68E+04  ,3.752E+05 ,2.153E+03
memcpy_dev_v32_movsb_avx2_v19,rand SPEC2017   ,1       ,0      ,31     ,16384    ,40000  ,16384       ,1.906E+05 ,1.894E+05 ,1.905E+05 ,1.82E+05  ,4.796E+05 ,4.558E+03
memcpy_dev_v32_movsb_avx2_v19,rand SPEC2017   ,1       ,0      ,32     ,32768    ,20000  ,32768       ,4.683E+05 ,4.684E+05 ,4.683E+05 ,4.45E+05  ,7.633E+05 ,4.678E+03
memcpy_dev_v32_movsb_avx2_v19,rand SPEC2017   ,1       ,0      ,64     ,32768    ,20000  ,32768       ,4.677E+05 ,4.672E+05 ,4.676E+05 ,4.45E+05  ,7.621E+05 ,6.460E+03
memcpy_dev_v32_movsb_avx2_v19,rand SPEC2017   ,1       ,0      ,65     ,32768    ,20000  ,32768       ,4.694E+05 ,4.679E+05 ,4.693E+05 ,4.54E+05  ,7.566E+05 ,5.598E+03
memcpy_dev_v32_movsb_avx2_v19,rand SPEC2017   ,1       ,0      ,128    ,32768    ,20000  ,32768       ,4.831E+05 ,4.806E+05 ,4.831E+05 ,4.65E+05  ,7.841E+05 ,6.824E+03
memcpy_dev_v32_movsb_avx2_v19,rand SPEC2017   ,1       ,0      ,256    ,32768    ,20000  ,32768       ,5.308E+05 ,5.273E+05 ,5.308E+05 ,5.09E+05  ,8.198E+05 ,1.029E+04
memcpy_dev_v32_movsb_avx2_v19,rand SPEC2017   ,1       ,32     ,-1     ,32768    ,20000  ,32768       ,5.902E+05 ,5.924E+05 ,5.901E+05 ,5.59E+05  ,8.876E+05 ,1.059E+04
memcpy_dev_v32_movsb_avx2_v19,rand SPEC2017   ,1       ,33     ,-1     ,8192     ,80000  ,8192        ,2.067E+05 ,2.058E+05 ,2.066E+05 ,1.98E+05  ,5.024E+05 ,4.463E+03
memcpy_dev_v32_movsb_avx2_v19,rand SPEC2017   ,1       ,64     ,-1     ,8192     ,80000  ,8192        ,2.074E+05 ,2.058E+05 ,2.073E+05 ,1.97E+05  ,5.001E+05 ,4.929E+03
memcpy_dev_v32_movsb_avx2_v19,rand SPEC2017   ,1       ,65     ,-1     ,8192     ,80000  ,8192        ,2.070E+05 ,2.058E+05 ,2.070E+05 ,1.97E+05  ,5.149E+05 ,4.222E+03
memcpy_dev_v32_movsb_avx2_v19,rand SPEC2017   ,1       ,129    ,-1     ,8192     ,80000  ,8192        ,2.155E+05 ,2.142E+05 ,2.155E+05 ,2.06E+05  ,5.124E+05 ,4.235E+03
memcpy_dev_v32_movsb_avx2_v19,rand SPEC2017   ,1       ,257    ,-1     ,4096     ,160000 ,4096        ,1.291E+05 ,1.291E+05 ,1.291E+05 ,1.21E+05  ,4.253E+05 ,1.771E+03
memcpy_dev_v32_movsb_avx2_v19,rand SPEC2017   ,1       ,0      ,-1     ,65536    ,10000  ,65536       ,1.369E+06 ,1.372E+06 ,1.369E+06 ,1.30E+06  ,1.665E+06 ,1.635E+04
memcpy_dev_v32_movsb_avx2_v19,rand SPEC2017   ,2       ,0      ,-1     ,65536    ,10000  ,65536       ,1.270E+06 ,1.268E+06 ,1.270E+06 ,1.21E+06  ,1.647E+06 ,1.034E+04
memcpy_dev_v32_movsb_avx2_v19,rand SPEC2017   ,4       ,0      ,-1     ,65536    ,10000  ,65536       ,1.660E+06 ,1.660E+06 ,1.660E+06 ,1.61E+06  ,2.000E+06 ,9.740E+03
memcpy_dev_v32_movsb_avx2_v19,rand SPEC2017   ,8       ,0      ,-1     ,65536    ,10000  ,65536       ,2.270E+06 ,2.259E+06 ,2.270E+06 ,2.19E+06  ,2.854E+06 ,2.676E+04
memcpy_dev_v32_movsb_avx2_v19,rand SPEC2017   ,16      ,0      ,-1     ,65536    ,10000  ,65536       ,4.164E+06 ,4.163E+06 ,4.164E+06 ,4.15E+06  ,4.468E+06 ,1.163E+04
memcpy_dev_v32_movsb_avx2_v19,rand SPEC2017   ,32      ,0      ,-1     ,65536    ,10000  ,65536       ,7.650E+06 ,7.652E+06 ,7.650E+06 ,7.42E+06  ,8.486E+06 ,3.762E+04
memcpy_dev_v32_movsb_avx2_v19,rand SPEC2017   ,64      ,0      ,-1     ,65536    ,10000  ,65536       ,1.603E+07 ,1.606E+07 ,1.603E+07 ,1.56E+07  ,1.704E+07 ,1.080E+05
memcpy_dev_v32_movsb_avx2_v19,rand SPEC2017   ,128     ,0      ,-1     ,65536    ,10000  ,65536       ,3.424E+07 ,3.422E+07 ,3.424E+07 ,3.32E+07  ,5.413E+07 ,2.985E+05
memcpy_dev_v32_movsb_avx2_v19,rand SPEC2017   ,256     ,0      ,-1     ,65536    ,10000  ,65536       ,7.512E+07 ,7.470E+07 ,7.512E+07 ,7.45E+07  ,1.010E+08 ,8.583E+05
memcpy_dev_v32_movsb_avx2_v20,rand SPEC2017   ,1       ,16     ,256    ,32768    ,20000  ,32768       ,3.963E+05 ,3.951E+05 ,3.961E+05 ,3.84E+05  ,6.968E+05 ,1.379E+04
memcpy_dev_v32_movsb_avx2_v20,rand SPEC2017   ,1       ,32     ,256    ,16384    ,40000  ,16384       ,1.496E+05 ,1.492E+05 ,1.496E+05 ,1.44E+05  ,4.459E+05 ,2.730E+03
memcpy_dev_v32_movsb_avx2_v20,rand SPEC2017   ,1       ,33     ,256    ,8192     ,80000  ,8192        ,8.310E+04 ,8.255E+04 ,8.308E+04 ,7.73E+04  ,3.737E+05 ,1.791E+03
memcpy_dev_v32_movsb_avx2_v20,rand SPEC2017   ,1       ,16     ,257    ,32768    ,20000  ,32768       ,3.847E+05 ,3.844E+05 ,3.847E+05 ,3.82E+05  ,6.797E+05 ,3.361E+03
memcpy_dev_v32_movsb_avx2_v20,rand SPEC2017   ,1       ,32     ,257    ,16384    ,40000  ,16384       ,1.497E+05 ,1.495E+05 ,1.497E+05 ,1.41E+05  ,4.444E+05 ,2.367E+03
memcpy_dev_v32_movsb_avx2_v20,rand SPEC2017   ,1       ,33     ,257    ,8192     ,80000  ,8192        ,8.202E+04 ,8.120E+04 ,8.200E+04 ,7.79E+04  ,3.794E+05 ,2.315E+03
memcpy_dev_v32_movsb_avx2_v20,rand SPEC2017   ,1       ,0      ,31     ,16384    ,40000  ,16384       ,2.061E+05 ,2.044E+05 ,2.061E+05 ,1.97E+05  ,5.037E+05 ,4.111E+03
memcpy_dev_v32_movsb_avx2_v20,rand SPEC2017   ,1       ,0      ,32     ,32768    ,20000  ,32768       ,4.931E+05 ,4.957E+05 ,4.930E+05 ,4.68E+05  ,7.846E+05 ,7.573E+03
memcpy_dev_v32_movsb_avx2_v20,rand SPEC2017   ,1       ,0      ,64     ,32768    ,20000  ,32768       ,4.942E+05 ,4.942E+05 ,4.934E+05 ,4.60E+05  ,3.256E+06 ,4.483E+04
memcpy_dev_v32_movsb_avx2_v20,rand SPEC2017   ,1       ,0      ,65     ,32768    ,20000  ,32768       ,4.935E+05 ,4.954E+05 ,4.935E+05 ,4.66E+05  ,7.966E+05 ,7.754E+03
memcpy_dev_v32_movsb_avx2_v20,rand SPEC2017   ,1       ,0      ,128    ,32768    ,20000  ,32768       ,5.006E+05 ,5.044E+05 ,5.006E+05 ,4.78E+05  ,8.029E+05 ,8.401E+03
memcpy_dev_v32_movsb_avx2_v20,rand SPEC2017   ,1       ,0      ,256    ,32768    ,20000  ,32768       ,5.384E+05 ,5.405E+05 ,5.384E+05 ,5.10E+05  ,8.405E+05 ,1.055E+04
memcpy_dev_v32_movsb_avx2_v20,rand SPEC2017   ,1       ,32     ,-1     ,32768    ,20000  ,32768       ,5.626E+05 ,5.616E+05 ,5.626E+05 ,5.56E+05  ,8.592E+05 ,8.812E+03
memcpy_dev_v32_movsb_avx2_v20,rand SPEC2017   ,1       ,33     ,-1     ,8192     ,80000  ,8192        ,1.912E+05 ,1.908E+05 ,1.912E+05 ,1.84E+05  ,4.879E+05 ,3.676E+03
memcpy_dev_v32_movsb_avx2_v20,rand SPEC2017   ,1       ,64     ,-1     ,8192     ,80000  ,8192        ,1.913E+05 ,1.906E+05 ,1.913E+05 ,1.84E+05  ,4.849E+05 ,3.930E+03
memcpy_dev_v32_movsb_avx2_v20,rand SPEC2017   ,1       ,65     ,-1     ,8192     ,80000  ,8192        ,1.936E+05 ,1.930E+05 ,1.936E+05 ,1.86E+05  ,4.817E+05 ,3.174E+03
memcpy_dev_v32_movsb_avx2_v20,rand SPEC2017   ,1       ,129    ,-1     ,8192     ,80000  ,8192        ,1.991E+05 ,1.987E+05 ,1.990E+05 ,1.92E+05  ,4.889E+05 ,2.837E+03
memcpy_dev_v32_movsb_avx2_v20,rand SPEC2017   ,1       ,257    ,-1     ,4096     ,160000 ,4096        ,1.198E+05 ,1.193E+05 ,1.198E+05 ,1.15E+05  ,4.115E+05 ,2.444E+03
memcpy_dev_v32_movsb_avx2_v20,rand SPEC2017   ,1       ,0      ,-1     ,65536    ,10000  ,65536       ,1.330E+06 ,1.320E+06 ,1.330E+06 ,1.28E+06  ,1.644E+06 ,1.931E+04
memcpy_dev_v32_movsb_avx2_v20,rand SPEC2017   ,2       ,0      ,-1     ,65536    ,10000  ,65536       ,1.221E+06 ,1.209E+06 ,1.221E+06 ,1.17E+06  ,1.543E+06 ,1.914E+04
memcpy_dev_v32_movsb_avx2_v20,rand SPEC2017   ,4       ,0      ,-1     ,65536    ,10000  ,65536       ,1.583E+06 ,1.588E+06 ,1.583E+06 ,1.50E+06  ,2.288E+06 ,2.431E+04
memcpy_dev_v32_movsb_avx2_v20,rand SPEC2017   ,8       ,0      ,-1     ,65536    ,10000  ,65536       ,2.189E+06 ,2.190E+06 ,2.189E+06 ,2.08E+06  ,3.259E+06 ,3.049E+04
memcpy_dev_v32_movsb_avx2_v20,rand SPEC2017   ,16      ,0      ,-1     ,65536    ,10000  ,65536       ,3.977E+06 ,3.954E+06 ,3.976E+06 ,3.85E+06  ,5.973E+06 ,5.752E+04
memcpy_dev_v32_movsb_avx2_v20,rand SPEC2017   ,32      ,0      ,-1     ,65536    ,10000  ,65536       ,7.459E+06 ,7.482E+06 ,7.459E+06 ,7.23E+06  ,1.072E+07 ,9.521E+04
memcpy_dev_v32_movsb_avx2_v20,rand SPEC2017   ,64      ,0      ,-1     ,65536    ,10000  ,65536       ,1.543E+07 ,1.556E+07 ,1.543E+07 ,1.51E+07  ,2.071E+07 ,2.176E+05
memcpy_dev_v32_movsb_avx2_v20,rand SPEC2017   ,128     ,0      ,-1     ,65536    ,10000  ,65536       ,3.322E+07 ,3.317E+07 ,3.322E+07 ,3.27E+07  ,5.345E+07 ,4.912E+05
memcpy_dev_v32_movsb_avx2_v20,rand SPEC2017   ,256     ,0      ,-1     ,65536    ,10000  ,65536       ,7.253E+07 ,7.281E+07 ,7.253E+07 ,7.11E+07  ,9.751E+07 ,8.420E+05
memcpy_dev_v32_movsb_avx2_v21,rand SPEC2017   ,1       ,16     ,256    ,32768    ,20000  ,32768       ,4.070E+05 ,4.058E+05 ,4.070E+05 ,3.82E+05  ,6.983E+05 ,5.129E+03
memcpy_dev_v32_movsb_avx2_v21,rand SPEC2017   ,1       ,32     ,256    ,16384    ,40000  ,16384       ,1.586E+05 ,1.577E+05 ,1.586E+05 ,1.52E+05  ,4.584E+05 ,3.247E+03
memcpy_dev_v32_movsb_avx2_v21,rand SPEC2017   ,1       ,33     ,256    ,8192     ,80000  ,8192        ,8.706E+04 ,8.701E+04 ,8.705E+04 ,8.64E+04  ,3.757E+05 ,1.545E+03
memcpy_dev_v32_movsb_avx2_v21,rand SPEC2017   ,1       ,16     ,257    ,32768    ,20000  ,32768       ,4.001E+05 ,3.983E+05 ,4.000E+05 ,3.86E+05  ,7.022E+05 ,5.417E+03
memcpy_dev_v32_movsb_avx2_v21,rand SPEC2017   ,1       ,32     ,257    ,16384    ,40000  ,16384       ,1.569E+05 ,1.567E+05 ,1.569E+05 ,1.55E+05  ,4.538E+05 ,2.272E+03
memcpy_dev_v32_movsb_avx2_v21,rand SPEC2017   ,1       ,33     ,257    ,8192     ,80000  ,8192        ,8.716E+04 ,8.717E+04 ,8.715E+04 ,8.20E+04  ,3.820E+05 ,1.683E+03
memcpy_dev_v32_movsb_avx2_v21,rand SPEC2017   ,1       ,0      ,31     ,16384    ,40000  ,16384       ,2.062E+05 ,2.046E+05 ,2.062E+05 ,1.97E+05  ,5.032E+05 ,4.341E+03
memcpy_dev_v32_movsb_avx2_v21,rand SPEC2017   ,1       ,0      ,32     ,32768    ,20000  ,32768       ,4.955E+05 ,4.959E+05 ,4.955E+05 ,4.69E+05  ,7.867E+05 ,5.315E+03
memcpy_dev_v32_movsb_avx2_v21,rand SPEC2017   ,1       ,0      ,64     ,32768    ,20000  ,32768       ,4.910E+05 ,4.939E+05 ,4.909E+05 ,4.66E+05  ,7.895E+05 ,8.024E+03
memcpy_dev_v32_movsb_avx2_v21,rand SPEC2017   ,1       ,0      ,65     ,32768    ,20000  ,32768       ,4.921E+05 ,4.949E+05 ,4.921E+05 ,4.67E+05  ,7.839E+05 ,7.930E+03
memcpy_dev_v32_movsb_avx2_v21,rand SPEC2017   ,1       ,0      ,128    ,32768    ,20000  ,32768       ,5.030E+05 ,5.053E+05 ,5.029E+05 ,4.77E+05  ,7.996E+05 ,7.848E+03
memcpy_dev_v32_movsb_avx2_v21,rand SPEC2017   ,1       ,0      ,256    ,32768    ,20000  ,32768       ,5.479E+05 ,5.504E+05 ,5.478E+05 ,5.19E+05  ,8.421E+05 ,8.620E+03
memcpy_dev_v32_movsb_avx2_v21,rand SPEC2017   ,1       ,32     ,-1     ,32768    ,20000  ,32768       ,5.864E+05 ,5.842E+05 ,5.857E+05 ,5.39E+05  ,3.366E+06 ,4.947E+04
memcpy_dev_v32_movsb_avx2_v21,rand SPEC2017   ,1       ,33     ,-1     ,8192     ,80000  ,8192        ,1.960E+05 ,1.954E+05 ,1.960E+05 ,1.88E+05  ,4.913E+05 ,3.473E+03
memcpy_dev_v32_movsb_avx2_v21,rand SPEC2017   ,1       ,64     ,-1     ,8192     ,80000  ,8192        ,1.955E+05 ,1.944E+05 ,1.955E+05 ,1.87E+05  ,4.875E+05 ,3.971E+03
memcpy_dev_v32_movsb_avx2_v21,rand SPEC2017   ,1       ,65     ,-1     ,8192     ,80000  ,8192        ,1.973E+05 ,1.961E+05 ,1.973E+05 ,1.88E+05  ,4.998E+05 ,3.915E+03
memcpy_dev_v32_movsb_avx2_v21,rand SPEC2017   ,1       ,129    ,-1     ,8192     ,80000  ,8192        ,2.079E+05 ,2.063E+05 ,2.078E+05 ,1.98E+05  ,5.070E+05 ,4.345E+03
memcpy_dev_v32_movsb_avx2_v21,rand SPEC2017   ,1       ,257    ,-1     ,4096     ,160000 ,4096        ,1.214E+05 ,1.223E+05 ,1.214E+05 ,1.15E+05  ,4.279E+05 ,3.109E+03
memcpy_dev_v32_movsb_avx2_v21,rand SPEC2017   ,1       ,0      ,-1     ,65536    ,10000  ,65536       ,1.360E+06 ,1.369E+06 ,1.360E+06 ,1.30E+06  ,1.665E+06 ,1.989E+04
memcpy_dev_v32_movsb_avx2_v21,rand SPEC2017   ,2       ,0      ,-1     ,65536    ,10000  ,65536       ,1.228E+06 ,1.230E+06 ,1.228E+06 ,1.16E+06  ,1.784E+06 ,1.905E+04
memcpy_dev_v32_movsb_avx2_v21,rand SPEC2017   ,4       ,0      ,-1     ,65536    ,10000  ,65536       ,1.603E+06 ,1.603E+06 ,1.603E+06 ,1.52E+06  ,1.892E+06 ,1.050E+04
memcpy_dev_v32_movsb_avx2_v21,rand SPEC2017   ,8       ,0      ,-1     ,65536    ,10000  ,65536       ,2.211E+06 ,2.210E+06 ,2.211E+06 ,2.14E+06  ,2.716E+06 ,1.058E+04
memcpy_dev_v32_movsb_avx2_v21,rand SPEC2017   ,16      ,0      ,-1     ,65536    ,10000  ,65536       ,4.013E+06 ,3.985E+06 ,4.013E+06 ,3.88E+06  ,4.480E+06 ,5.068E+04
memcpy_dev_v32_movsb_avx2_v21,rand SPEC2017   ,32      ,0      ,-1     ,65536    ,10000  ,65536       ,7.677E+06 ,7.687E+06 ,7.677E+06 ,7.47E+06  ,8.196E+06 ,5.001E+04
memcpy_dev_v32_movsb_avx2_v21,rand SPEC2017   ,64      ,0      ,-1     ,65536    ,10000  ,65536       ,1.527E+07 ,1.539E+07 ,1.527E+07 ,1.49E+07  ,2.830E+07 ,2.599E+05
memcpy_dev_v32_movsb_avx2_v21,rand SPEC2017   ,128     ,0      ,-1     ,65536    ,10000  ,65536       ,3.455E+07 ,3.475E+07 ,3.455E+07 ,3.39E+07  ,5.925E+07 ,5.383E+05
memcpy_dev_v32_movsb_avx2_v21,rand SPEC2017   ,256     ,0      ,-1     ,65536    ,10000  ,65536       ,7.445E+07 ,7.485E+07 ,7.444E+07 ,7.28E+07  ,9.981E+07 ,8.165E+05
memcpy_dev_v32_movsb_avx2_v22,rand SPEC2017   ,1       ,16     ,256    ,32768    ,20000  ,32768       ,4.087E+05 ,4.074E+05 ,4.087E+05 ,3.92E+05  ,6.990E+05 ,6.444E+03
memcpy_dev_v32_movsb_avx2_v22,rand SPEC2017   ,1       ,32     ,256    ,16384    ,40000  ,16384       ,1.558E+05 ,1.541E+05 ,1.558E+05 ,1.49E+05  ,4.501E+05 ,3.944E+03
memcpy_dev_v32_movsb_avx2_v22,rand SPEC2017   ,1       ,33     ,256    ,8192     ,80000  ,8192        ,8.790E+04 ,8.784E+04 ,8.789E+04 ,8.49E+04  ,3.892E+05 ,1.630E+03
memcpy_dev_v32_movsb_avx2_v22,rand SPEC2017   ,1       ,16     ,257    ,32768    ,20000  ,32768       ,3.994E+05 ,3.975E+05 ,3.994E+05 ,3.82E+05  ,6.958E+05 ,7.187E+03
memcpy_dev_v32_movsb_avx2_v22,rand SPEC2017   ,1       ,32     ,257    ,16384    ,40000  ,16384       ,1.541E+05 ,1.536E+05 ,1.540E+05 ,1.49E+05  ,4.471E+05 ,2.378E+03
memcpy_dev_v32_movsb_avx2_v22,rand SPEC2017   ,1       ,33     ,257    ,8192     ,80000  ,8192        ,8.752E+04 ,8.763E+04 ,8.751E+04 ,8.22E+04  ,3.750E+05 ,1.558E+03
memcpy_dev_v32_movsb_avx2_v22,rand SPEC2017   ,1       ,0      ,31     ,16384    ,40000  ,16384       ,2.019E+05 ,2.026E+05 ,2.018E+05 ,1.91E+05  ,4.929E+05 ,3.722E+03
memcpy_dev_v32_movsb_avx2_v22,rand SPEC2017   ,1       ,0      ,32     ,32768    ,20000  ,32768       ,4.937E+05 ,4.939E+05 ,4.937E+05 ,4.67E+05  ,7.795E+05 ,4.625E+03
memcpy_dev_v32_movsb_avx2_v22,rand SPEC2017   ,1       ,0      ,64     ,32768    ,20000  ,32768       ,4.917E+05 ,4.915E+05 ,4.917E+05 ,4.67E+05  ,7.791E+05 ,4.034E+03
memcpy_dev_v32_movsb_avx2_v22,rand SPEC2017   ,1       ,0      ,65     ,32768    ,20000  ,32768       ,4.935E+05 ,4.934E+05 ,4.935E+05 ,4.67E+05  ,7.814E+05 ,4.606E+03
memcpy_dev_v32_movsb_avx2_v22,rand SPEC2017   ,1       ,0      ,128    ,32768    ,20000  ,32768       ,5.050E+05 ,5.064E+05 ,5.049E+05 ,4.78E+05  ,7.952E+05 ,6.822E+03
memcpy_dev_v32_movsb_avx2_v22,rand SPEC2017   ,1       ,0      ,256    ,32768    ,20000  ,32768       ,5.510E+05 ,5.539E+05 ,5.509E+05 ,5.23E+05  ,8.413E+05 ,8.715E+03
memcpy_dev_v32_movsb_avx2_v22,rand SPEC2017   ,1       ,32     ,-1     ,32768    ,20000  ,32768       ,5.791E+05 ,5.781E+05 ,5.791E+05 ,5.44E+05  ,8.785E+05 ,6.804E+03
memcpy_dev_v32_movsb_avx2_v22,rand SPEC2017   ,1       ,33     ,-1     ,8192     ,80000  ,8192        ,1.964E+05 ,1.951E+05 ,1.961E+05 ,1.88E+05  ,1.736E+06 ,2.119E+04
memcpy_dev_v32_movsb_avx2_v22,rand SPEC2017   ,1       ,64     ,-1     ,8192     ,80000  ,8192        ,1.947E+05 ,1.944E+05 ,1.947E+05 ,1.86E+05  ,4.815E+05 ,2.979E+03
memcpy_dev_v32_movsb_avx2_v22,rand SPEC2017   ,1       ,65     ,-1     ,8192     ,80000  ,8192        ,1.969E+05 ,1.965E+05 ,1.969E+05 ,1.89E+05  ,4.898E+05 ,2.965E+03
memcpy_dev_v32_movsb_avx2_v22,rand SPEC2017   ,1       ,129    ,-1     ,8192     ,80000  ,8192        ,2.042E+05 ,2.033E+05 ,2.042E+05 ,1.96E+05  ,4.947E+05 ,3.566E+03
memcpy_dev_v32_movsb_avx2_v22,rand SPEC2017   ,1       ,257    ,-1     ,4096     ,160000 ,4096        ,1.201E+05 ,1.191E+05 ,1.201E+05 ,1.14E+05  ,4.099E+05 ,3.041E+03
memcpy_dev_v32_movsb_avx2_v22,rand SPEC2017   ,1       ,0      ,-1     ,65536    ,10000  ,65536       ,1.363E+06 ,1.374E+06 ,1.363E+06 ,1.30E+06  ,1.660E+06 ,2.003E+04
memcpy_dev_v32_movsb_avx2_v22,rand SPEC2017   ,2       ,0      ,-1     ,65536    ,10000  ,65536       ,1.219E+06 ,1.221E+06 ,1.219E+06 ,1.15E+06  ,1.522E+06 ,1.660E+04
memcpy_dev_v32_movsb_avx2_v22,rand SPEC2017   ,4       ,0      ,-1     ,65536    ,10000  ,65536       ,1.614E+06 ,1.616E+06 ,1.614E+06 ,1.53E+06  ,1.906E+06 ,1.265E+04
memcpy_dev_v32_movsb_avx2_v22,rand SPEC2017   ,8       ,0      ,-1     ,65536    ,10000  ,65536       ,2.217E+06 ,2.216E+06 ,2.217E+06 ,2.10E+06  ,2.570E+06 ,9.849E+03
memcpy_dev_v32_movsb_avx2_v22,rand SPEC2017   ,16      ,0      ,-1     ,65536    ,10000  ,65536       ,4.066E+06 ,4.024E+06 ,4.065E+06 ,3.91E+06  ,1.680E+07 ,1.537E+05
memcpy_dev_v32_movsb_avx2_v22,rand SPEC2017   ,32      ,0      ,-1     ,65536    ,10000  ,65536       ,7.504E+06 ,7.505E+06 ,7.504E+06 ,7.25E+06  ,9.033E+06 ,4.381E+04
memcpy_dev_v32_movsb_avx2_v22,rand SPEC2017   ,64      ,0      ,-1     ,65536    ,10000  ,65536       ,1.548E+07 ,1.554E+07 ,1.548E+07 ,1.51E+07  ,2.929E+07 ,2.330E+05
memcpy_dev_v32_movsb_avx2_v22,rand SPEC2017   ,128     ,0      ,-1     ,65536    ,10000  ,65536       ,3.263E+07 ,3.284E+07 ,3.263E+07 ,3.19E+07  ,5.762E+07 ,5.015E+05
memcpy_dev_v32_movsb_avx2_v22,rand SPEC2017   ,256     ,0      ,-1     ,65536    ,10000  ,65536       ,7.354E+07 ,7.369E+07 ,7.353E+07 ,7.17E+07  ,9.851E+07 ,6.438E+05
memcpy_glibc_v32_movsb_avx2,rand SPEC2017   ,1       ,16     ,256    ,32768    ,20000  ,32768       ,4.218E+05 ,4.213E+05 ,4.218E+05 ,3.97E+05  ,7.136E+05 ,5.674E+03
memcpy_glibc_v32_movsb_avx2,rand SPEC2017   ,1       ,32     ,256    ,16384    ,40000  ,16384       ,1.643E+05 ,1.637E+05 ,1.643E+05 ,1.58E+05  ,4.503E+05 ,2.404E+03
memcpy_glibc_v32_movsb_avx2,rand SPEC2017   ,1       ,33     ,256    ,8192     ,80000  ,8192        ,9.156E+04 ,9.150E+04 ,9.156E+04 ,9.09E+04  ,3.809E+05 ,1.549E+03
memcpy_glibc_v32_movsb_avx2,rand SPEC2017   ,1       ,16     ,257    ,32768    ,20000  ,32768       ,4.110E+05 ,4.095E+05 ,4.109E+05 ,3.97E+05  ,7.126E+05 ,5.342E+03
memcpy_glibc_v32_movsb_avx2,rand SPEC2017   ,1       ,32     ,257    ,16384    ,40000  ,16384       ,1.633E+05 ,1.632E+05 ,1.633E+05 ,1.54E+05  ,4.544E+05 ,2.140E+03
memcpy_glibc_v32_movsb_avx2,rand SPEC2017   ,1       ,33     ,257    ,8192     ,80000  ,8192        ,9.176E+04 ,9.185E+04 ,9.175E+04 ,8.64E+04  ,3.847E+05 ,1.836E+03
memcpy_glibc_v32_movsb_avx2,rand SPEC2017   ,1       ,0      ,31     ,16384    ,40000  ,16384       ,2.184E+05 ,2.176E+05 ,2.184E+05 ,2.09E+05  ,5.111E+05 ,3.839E+03
memcpy_glibc_v32_movsb_avx2,rand SPEC2017   ,1       ,0      ,32     ,32768    ,20000  ,32768       ,5.078E+05 ,5.091E+05 ,5.078E+05 ,4.79E+05  ,7.988E+05 ,6.870E+03
memcpy_glibc_v32_movsb_avx2,rand SPEC2017   ,1       ,0      ,64     ,32768    ,20000  ,32768       ,5.065E+05 ,5.084E+05 ,5.065E+05 ,4.80E+05  ,8.008E+05 ,7.077E+03
memcpy_glibc_v32_movsb_avx2,rand SPEC2017   ,1       ,0      ,65     ,32768    ,20000  ,32768       ,5.050E+05 ,5.075E+05 ,5.049E+05 ,4.79E+05  ,7.995E+05 ,7.249E+03
memcpy_glibc_v32_movsb_avx2,rand SPEC2017   ,1       ,0      ,128    ,32768    ,20000  ,32768       ,5.190E+05 ,5.204E+05 ,5.190E+05 ,4.90E+05  ,8.105E+05 ,6.381E+03
memcpy_glibc_v32_movsb_avx2,rand SPEC2017   ,1       ,0      ,256    ,32768    ,20000  ,32768       ,5.645E+05 ,5.677E+05 ,5.644E+05 ,5.33E+05  ,8.599E+05 ,9.185E+03
memcpy_glibc_v32_movsb_avx2,rand SPEC2017   ,1       ,32     ,-1     ,32768    ,20000  ,32768       ,6.227E+05 ,6.219E+05 ,6.227E+05 ,6.02E+05  ,9.170E+05 ,5.485E+03
memcpy_glibc_v32_movsb_avx2,rand SPEC2017   ,1       ,33     ,-1     ,8192     ,80000  ,8192        ,2.088E+05 ,2.101E+05 ,2.088E+05 ,1.97E+05  ,6.714E+05 ,4.310E+03
memcpy_glibc_v32_movsb_avx2,rand SPEC2017   ,1       ,64     ,-1     ,8192     ,80000  ,8192        ,2.086E+05 ,2.102E+05 ,2.086E+05 ,1.98E+05  ,5.000E+05 ,4.409E+03
memcpy_glibc_v32_movsb_avx2,rand SPEC2017   ,1       ,65     ,-1     ,8192     ,80000  ,8192        ,2.092E+05 ,2.072E+05 ,2.092E+05 ,1.99E+05  ,5.143E+05 ,4.716E+03
memcpy_glibc_v32_movsb_avx2,rand SPEC2017   ,1       ,129    ,-1     ,8192     ,80000  ,8192        ,2.158E+05 ,2.170E+05 ,2.157E+05 ,2.04E+05  ,5.278E+05 ,4.438E+03
memcpy_glibc_v32_movsb_avx2,rand SPEC2017   ,1       ,257    ,-1     ,4096     ,160000 ,4096        ,1.357E+05 ,1.359E+05 ,1.357E+05 ,1.27E+05  ,4.271E+05 ,2.413E+03
memcpy_glibc_v32_movsb_avx2,rand SPEC2017   ,1       ,0      ,-1     ,65536    ,10000  ,65536       ,1.416E+06 ,1.406E+06 ,1.416E+06 ,1.36E+06  ,1.731E+06 ,2.065E+04
memcpy_glibc_v32_movsb_avx2,rand SPEC2017   ,2       ,0      ,-1     ,65536    ,10000  ,65536       ,1.310E+06 ,1.314E+06 ,1.309E+06 ,1.24E+06  ,1.604E+06 ,1.703E+04
memcpy_glibc_v32_movsb_avx2,rand SPEC2017   ,4       ,0      ,-1     ,65536    ,10000  ,65536       ,1.697E+06 ,1.701E+06 ,1.697E+06 ,1.61E+06  ,2.019E+06 ,1.646E+04
memcpy_glibc_v32_movsb_avx2,rand SPEC2017   ,8       ,0      ,-1     ,65536    ,10000  ,65536       ,2.380E+06 ,2.382E+06 ,2.380E+06 ,2.25E+06  ,2.853E+06 ,1.888E+04
memcpy_glibc_v32_movsb_avx2,rand SPEC2017   ,16      ,0      ,-1     ,65536    ,10000  ,65536       ,4.338E+06 ,4.331E+06 ,4.337E+06 ,4.21E+06  ,5.653E+06 ,6.253E+04
memcpy_glibc_v32_movsb_avx2,rand SPEC2017   ,32      ,0      ,-1     ,65536    ,10000  ,65536       ,8.141E+06 ,8.141E+06 ,8.141E+06 ,7.90E+06  ,8.898E+06 ,2.386E+04
memcpy_glibc_v32_movsb_avx2,rand SPEC2017   ,64      ,0      ,-1     ,65536    ,10000  ,65536       ,1.706E+07 ,1.711E+07 ,1.706E+07 ,1.66E+07  ,3.248E+07 ,2.599E+05
memcpy_glibc_v32_movsb_avx2,rand SPEC2017   ,128     ,0      ,-1     ,65536    ,10000  ,65536       ,3.431E+07 ,3.448E+07 ,3.431E+07 ,3.35E+07  ,5.842E+07 ,4.613E+05
memcpy_glibc_v32_movsb_avx2,rand SPEC2017   ,256     ,0      ,-1     ,65536    ,10000  ,65536       ,7.820E+07 ,7.836E+07 ,7.820E+07 ,7.62E+07  ,1.033E+08 ,6.670E+05
memcpy_dev_v32_movsb_avx2_v19,rand SPEC2017   ,1       ,16     ,256    ,32768    ,20000  ,32768       ,4.060E+05 ,4.046E+05 ,4.060E+05 ,4.02E+05  ,6.959E+05 ,4.925E+03
memcpy_dev_v32_movsb_avx2_v19,rand SPEC2017   ,1       ,32     ,256    ,16384    ,40000  ,16384       ,1.574E+05 ,1.580E+05 ,1.573E+05 ,1.49E+05  ,4.538E+05 ,5.478E+03
memcpy_dev_v32_movsb_avx2_v19,rand SPEC2017   ,1       ,33     ,256    ,8192     ,80000  ,8192        ,8.760E+04 ,8.754E+04 ,8.760E+04 ,8.58E+04  ,3.762E+05 ,1.478E+03
memcpy_dev_v32_movsb_avx2_v19,rand SPEC2017   ,1       ,16     ,257    ,32768    ,20000  ,32768       ,3.957E+05 ,3.929E+05 ,3.956E+05 ,3.80E+05  ,6.844E+05 ,7.868E+03
memcpy_dev_v32_movsb_avx2_v19,rand SPEC2017   ,1       ,32     ,257    ,16384    ,40000  ,16384       ,1.549E+05 ,1.543E+05 ,1.549E+05 ,1.45E+05  ,4.534E+05 ,3.442E+03
memcpy_dev_v32_movsb_avx2_v19,rand SPEC2017   ,1       ,33     ,257    ,8192     ,80000  ,8192        ,8.763E+04 ,8.780E+04 ,8.762E+04 ,8.25E+04  ,3.829E+05 ,2.177E+03
memcpy_dev_v32_movsb_avx2_v19,rand SPEC2017   ,1       ,0      ,31     ,16384    ,40000  ,16384       ,2.029E+05 ,2.035E+05 ,2.028E+05 ,1.91E+05  ,4.868E+05 ,3.647E+03
memcpy_dev_v32_movsb_avx2_v19,rand SPEC2017   ,1       ,0      ,32     ,32768    ,20000  ,32768       ,4.933E+05 ,4.932E+05 ,4.932E+05 ,4.66E+05  ,7.915E+05 ,7.642E+03
memcpy_dev_v32_movsb_avx2_v19,rand SPEC2017   ,1       ,0      ,64     ,32768    ,20000  ,32768       ,4.923E+05 ,4.919E+05 ,4.923E+05 ,4.67E+05  ,7.893E+05 ,4.641E+03
memcpy_dev_v32_movsb_avx2_v19,rand SPEC2017   ,1       ,0      ,65     ,32768    ,20000  ,32768       ,4.929E+05 ,4.927E+05 ,4.929E+05 ,4.66E+05  ,7.884E+05 ,4.538E+03
memcpy_dev_v32_movsb_avx2_v19,rand SPEC2017   ,1       ,0      ,128    ,32768    ,20000  ,32768       ,5.065E+05 ,5.061E+05 ,5.065E+05 ,4.80E+05  ,8.067E+05 ,4.129E+03
memcpy_dev_v32_movsb_avx2_v19,rand SPEC2017   ,1       ,0      ,256    ,32768    ,20000  ,32768       ,5.552E+05 ,5.551E+05 ,5.552E+05 ,5.24E+05  ,8.397E+05 ,4.373E+03
memcpy_dev_v32_movsb_avx2_v19,rand SPEC2017   ,1       ,32     ,-1     ,32768    ,20000  ,32768       ,6.132E+05 ,6.107E+05 ,6.125E+05 ,5.75E+05  ,3.290E+06 ,5.044E+04
memcpy_dev_v32_movsb_avx2_v19,rand SPEC2017   ,1       ,33     ,-1     ,8192     ,80000  ,8192        ,2.117E+05 ,2.101E+05 ,2.117E+05 ,2.01E+05  ,5.049E+05 ,4.320E+03
memcpy_dev_v32_movsb_avx2_v19,rand SPEC2017   ,1       ,64     ,-1     ,8192     ,80000  ,8192        ,2.110E+05 ,2.097E+05 ,2.110E+05 ,2.01E+05  ,5.229E+05 ,4.416E+03
memcpy_dev_v32_movsb_avx2_v19,rand SPEC2017   ,1       ,65     ,-1     ,8192     ,80000  ,8192        ,2.121E+05 ,2.114E+05 ,2.121E+05 ,2.03E+05  ,5.011E+05 ,3.567E+03
memcpy_dev_v32_movsb_avx2_v19,rand SPEC2017   ,1       ,129    ,-1     ,8192     ,80000  ,8192        ,2.220E+05 ,2.207E+05 ,2.219E+05 ,2.12E+05  ,5.133E+05 ,4.222E+03
memcpy_dev_v32_movsb_avx2_v19,rand SPEC2017   ,1       ,257    ,-1     ,4096     ,160000 ,4096        ,1.333E+05 ,1.334E+05 ,1.332E+05 ,1.25E+05  ,4.272E+05 ,2.574E+03
memcpy_dev_v32_movsb_avx2_v19,rand SPEC2017   ,1       ,0      ,-1     ,65536    ,10000  ,65536       ,1.407E+06 ,1.411E+06 ,1.407E+06 ,1.33E+06  ,1.706E+06 ,1.529E+04
memcpy_dev_v32_movsb_avx2_v19,rand SPEC2017   ,2       ,0      ,-1     ,65536    ,10000  ,65536       ,1.301E+06 ,1.304E+06 ,1.301E+06 ,1.23E+06  ,1.621E+06 ,1.858E+04
memcpy_dev_v32_movsb_avx2_v19,rand SPEC2017   ,4       ,0      ,-1     ,65536    ,10000  ,65536       ,1.702E+06 ,1.705E+06 ,1.702E+06 ,1.61E+06  ,1.995E+06 ,1.604E+04
memcpy_dev_v32_movsb_avx2_v19,rand SPEC2017   ,8       ,0      ,-1     ,65536    ,10000  ,65536       ,2.330E+06 ,2.323E+06 ,2.329E+06 ,2.20E+06  ,8.844E+06 ,1.153E+05
memcpy_dev_v32_movsb_avx2_v19,rand SPEC2017   ,16      ,0      ,-1     ,65536    ,10000  ,65536       ,4.259E+06 ,4.260E+06 ,4.259E+06 ,4.13E+06  ,4.778E+06 ,1.949E+04
memcpy_dev_v32_movsb_avx2_v19,rand SPEC2017   ,32      ,0      ,-1     ,65536    ,10000  ,65536       ,7.864E+06 ,7.938E+06 ,7.864E+06 ,7.66E+06  ,9.303E+06 ,1.060E+05
memcpy_dev_v32_movsb_avx2_v19,rand SPEC2017   ,64      ,0      ,-1     ,65536    ,10000  ,65536       ,1.595E+07 ,1.598E+07 ,1.595E+07 ,1.56E+07  ,3.274E+07 ,2.758E+05
memcpy_dev_v32_movsb_avx2_v19,rand SPEC2017   ,128     ,0      ,-1     ,65536    ,10000  ,65536       ,3.477E+07 ,3.475E+07 ,3.477E+07 ,3.42E+07  ,5.901E+07 ,5.359E+05
memcpy_dev_v32_movsb_avx2_v19,rand SPEC2017   ,256     ,0      ,-1     ,65536    ,10000  ,65536       ,7.504E+07 ,7.501E+07 ,7.503E+07 ,7.39E+07  ,1.004E+08 ,9.237E+05
memcpy_dev_v32_movsb_avx2_v20,rand SPEC2017   ,1       ,16     ,256    ,32768    ,20000  ,32768       ,3.955E+05 ,3.955E+05 ,3.955E+05 ,3.73E+05  ,6.885E+05 ,4.658E+03
memcpy_dev_v32_movsb_avx2_v20,rand SPEC2017   ,1       ,32     ,256    ,16384    ,40000  ,16384       ,1.514E+05 ,1.500E+05 ,1.514E+05 ,1.44E+05  ,4.493E+05 ,3.491E+03
memcpy_dev_v32_movsb_avx2_v20,rand SPEC2017   ,1       ,33     ,256    ,8192     ,80000  ,8192        ,8.290E+04 ,8.261E+04 ,8.289E+04 ,7.95E+04  ,3.859E+05 ,1.994E+03
memcpy_dev_v32_movsb_avx2_v20,rand SPEC2017   ,1       ,16     ,257    ,32768    ,20000  ,32768       ,3.859E+05 ,3.840E+05 ,3.858E+05 ,3.72E+05  ,6.931E+05 ,6.056E+03
memcpy_dev_v32_movsb_avx2_v20,rand SPEC2017   ,1       ,32     ,257    ,16384    ,40000  ,16384       ,1.497E+05 ,1.496E+05 ,1.497E+05 ,1.49E+05  ,4.443E+05 ,2.478E+03
memcpy_dev_v32_movsb_avx2_v20,rand SPEC2017   ,1       ,33     ,257    ,8192     ,80000  ,8192        ,8.250E+04 ,8.245E+04 ,8.249E+04 ,8.16E+04  ,3.743E+05 ,1.553E+03
memcpy_dev_v32_movsb_avx2_v20,rand SPEC2017   ,1       ,0      ,31     ,16384    ,40000  ,16384       ,2.090E+05 ,2.091E+05 ,2.090E+05 ,1.97E+05  ,5.102E+05 ,2.885E+03
memcpy_dev_v32_movsb_avx2_v20,rand SPEC2017   ,1       ,0      ,32     ,32768    ,20000  ,32768       ,4.961E+05 ,4.962E+05 ,4.961E+05 ,4.68E+05  ,7.835E+05 ,4.684E+03
memcpy_dev_v32_movsb_avx2_v20,rand SPEC2017   ,1       ,0      ,64     ,32768    ,20000  ,32768       ,4.955E+05 ,4.951E+05 ,4.955E+05 ,4.81E+05  ,7.909E+05 ,6.857E+03
memcpy_dev_v32_movsb_avx2_v20,rand SPEC2017   ,1       ,0      ,65     ,32768    ,20000  ,32768       ,4.954E+05 ,4.954E+05 ,4.954E+05 ,4.70E+05  ,7.910E+05 ,4.659E+03
memcpy_dev_v32_movsb_avx2_v20,rand SPEC2017   ,1       ,0      ,128    ,32768    ,20000  ,32768       ,5.075E+05 ,5.074E+05 ,5.074E+05 ,4.80E+05  ,8.000E+05 ,7.240E+03
memcpy_dev_v32_movsb_avx2_v20,rand SPEC2017   ,1       ,0      ,256    ,32768    ,20000  ,32768       ,5.418E+05 ,5.418E+05 ,5.411E+05 ,5.10E+05  ,3.073E+06 ,4.558E+04
memcpy_dev_v32_movsb_avx2_v20,rand SPEC2017   ,1       ,32     ,-1     ,32768    ,20000  ,32768       ,5.612E+05 ,5.608E+05 ,5.612E+05 ,5.48E+05  ,8.524E+05 ,5.078E+03
memcpy_dev_v32_movsb_avx2_v20,rand SPEC2017   ,1       ,33     ,-1     ,8192     ,80000  ,8192        ,1.933E+05 ,1.918E+05 ,1.933E+05 ,1.85E+05  ,4.907E+05 ,4.664E+03
memcpy_dev_v32_movsb_avx2_v20,rand SPEC2017   ,1       ,64     ,-1     ,8192     ,80000  ,8192        ,1.921E+05 ,1.907E+05 ,1.920E+05 ,1.83E+05  ,4.826E+05 ,3.786E+03
memcpy_dev_v32_movsb_avx2_v20,rand SPEC2017   ,1       ,65     ,-1     ,8192     ,80000  ,8192        ,1.939E+05 ,1.928E+05 ,1.939E+05 ,1.85E+05  ,4.791E+05 ,4.363E+03
memcpy_dev_v32_movsb_avx2_v20,rand SPEC2017   ,1       ,129    ,-1     ,8192     ,80000  ,8192        ,2.003E+05 ,1.990E+05 ,2.002E+05 ,1.91E+05  ,4.910E+05 ,4.642E+03
memcpy_dev_v32_movsb_avx2_v20,rand SPEC2017   ,1       ,257    ,-1     ,4096     ,160000 ,4096        ,1.199E+05 ,1.191E+05 ,1.199E+05 ,1.15E+05  ,4.080E+05 ,2.772E+03
memcpy_dev_v32_movsb_avx2_v20,rand SPEC2017   ,1       ,0      ,-1     ,65536    ,10000  ,65536       ,1.336E+06 ,1.328E+06 ,1.336E+06 ,1.28E+06  ,1.804E+06 ,2.355E+04
memcpy_dev_v32_movsb_avx2_v20,rand SPEC2017   ,2       ,0      ,-1     ,65536    ,10000  ,65536       ,1.224E+06 ,1.213E+06 ,1.224E+06 ,1.17E+06  ,1.609E+06 ,1.959E+04
memcpy_dev_v32_movsb_avx2_v20,rand SPEC2017   ,4       ,0      ,-1     ,65536    ,10000  ,65536       ,1.583E+06 ,1.590E+06 ,1.583E+06 ,1.50E+06  ,2.319E+06 ,2.635E+04
memcpy_dev_v32_movsb_avx2_v20,rand SPEC2017   ,8       ,0      ,-1     ,65536    ,10000  ,65536       ,2.193E+06 ,2.192E+06 ,2.192E+06 ,2.08E+06  ,3.340E+06 ,2.614E+04
memcpy_dev_v32_movsb_avx2_v20,rand SPEC2017   ,16      ,0      ,-1     ,65536    ,10000  ,65536       ,4.000E+06 ,3.962E+06 ,4.000E+06 ,3.85E+06  ,4.726E+06 ,5.684E+04
memcpy_dev_v32_movsb_avx2_v20,rand SPEC2017   ,32      ,0      ,-1     ,65536    ,10000  ,65536       ,7.501E+06 ,7.503E+06 ,7.501E+06 ,7.26E+06  ,8.299E+06 ,3.233E+04
memcpy_dev_v32_movsb_avx2_v20,rand SPEC2017   ,64      ,0      ,-1     ,65536    ,10000  ,65536       ,1.520E+07 ,1.531E+07 ,1.520E+07 ,1.48E+07  ,3.399E+07 ,2.874E+05
memcpy_dev_v32_movsb_avx2_v20,rand SPEC2017   ,128     ,0      ,-1     ,65536    ,10000  ,65536       ,3.262E+07 ,3.264E+07 ,3.262E+07 ,3.21E+07  ,5.649E+07 ,5.053E+05
memcpy_dev_v32_movsb_avx2_v20,rand SPEC2017   ,256     ,0      ,-1     ,65536    ,10000  ,65536       ,7.286E+07 ,7.303E+07 ,7.285E+07 ,7.15E+07  ,9.899E+07 ,8.557E+05
memcpy_dev_v32_movsb_avx2_v21,rand SPEC2017   ,1       ,16     ,256    ,32768    ,20000  ,32768       ,4.078E+05 ,4.067E+05 ,4.078E+05 ,3.86E+05  ,6.980E+05 ,4.564E+03
memcpy_dev_v32_movsb_avx2_v21,rand SPEC2017   ,1       ,32     ,256    ,16384    ,40000  ,16384       ,1.596E+05 ,1.581E+05 ,1.595E+05 ,1.52E+05  ,4.534E+05 ,3.807E+03
memcpy_dev_v32_movsb_avx2_v21,rand SPEC2017   ,1       ,33     ,256    ,8192     ,80000  ,8192        ,8.679E+04 ,8.661E+04 ,8.678E+04 ,8.37E+04  ,3.738E+05 ,1.839E+03
memcpy_dev_v32_movsb_avx2_v21,rand SPEC2017   ,1       ,16     ,257    ,32768    ,20000  ,32768       ,3.975E+05 ,3.960E+05 ,3.975E+05 ,3.82E+05  ,6.991E+05 ,6.734E+03
memcpy_dev_v32_movsb_avx2_v21,rand SPEC2017   ,1       ,32     ,257    ,16384    ,40000  ,16384       ,1.582E+05 ,1.582E+05 ,1.582E+05 ,1.48E+05  ,4.450E+05 ,2.076E+03
memcpy_dev_v32_movsb_avx2_v21,rand SPEC2017   ,1       ,33     ,257    ,8192     ,80000  ,8192        ,8.695E+04 ,8.700E+04 ,8.693E+04 ,8.18E+04  ,3.831E+05 ,1.764E+03
memcpy_dev_v32_movsb_avx2_v21,rand SPEC2017   ,1       ,0      ,31     ,16384    ,40000  ,16384       ,2.044E+05 ,2.043E+05 ,2.044E+05 ,2.02E+05  ,4.942E+05 ,2.255E+03
memcpy_dev_v32_movsb_avx2_v21,rand SPEC2017   ,1       ,0      ,32     ,32768    ,20000  ,32768       ,4.857E+05 ,4.837E+05 ,4.856E+05 ,4.68E+05  ,7.717E+05 ,6.421E+03
memcpy_dev_v32_movsb_avx2_v21,rand SPEC2017   ,1       ,0      ,64     ,32768    ,20000  ,32768       ,4.903E+05 ,4.936E+05 ,4.903E+05 ,4.67E+05  ,7.825E+05 ,7.738E+03
memcpy_dev_v32_movsb_avx2_v21,rand SPEC2017   ,1       ,0      ,65     ,32768    ,20000  ,32768       ,4.892E+05 ,4.859E+05 ,4.891E+05 ,4.68E+05  ,7.699E+05 ,8.126E+03
memcpy_dev_v32_movsb_avx2_v21,rand SPEC2017   ,1       ,0      ,128    ,32768    ,20000  ,32768       ,4.993E+05 ,5.029E+05 ,4.992E+05 ,4.76E+05  ,7.938E+05 ,8.594E+03
memcpy_dev_v32_movsb_avx2_v21,rand SPEC2017   ,1       ,0      ,256    ,32768    ,20000  ,32768       ,5.433E+05 ,5.408E+05 ,5.432E+05 ,5.17E+05  ,8.513E+05 ,9.178E+03
memcpy_dev_v32_movsb_avx2_v21,rand SPEC2017   ,1       ,32     ,-1     ,32768    ,20000  ,32768       ,5.835E+05 ,5.842E+05 ,5.835E+05 ,5.50E+05  ,8.787E+05 ,8.609E+03
memcpy_dev_v32_movsb_avx2_v21,rand SPEC2017   ,1       ,33     ,-1     ,8192     ,80000  ,8192        ,1.944E+05 ,1.942E+05 ,1.944E+05 ,1.88E+05  ,4.858E+05 ,2.501E+03
memcpy_dev_v32_movsb_avx2_v21,rand SPEC2017   ,1       ,64     ,-1     ,8192     ,80000  ,8192        ,1.937E+05 ,1.932E+05 ,1.937E+05 ,1.86E+05  ,4.860E+05 ,3.027E+03
memcpy_dev_v32_movsb_avx2_v21,rand SPEC2017   ,1       ,65     ,-1     ,8192     ,80000  ,8192        ,1.962E+05 ,1.955E+05 ,1.962E+05 ,1.88E+05  ,4.842E+05 ,3.499E+03
memcpy_dev_v32_movsb_avx2_v21,rand SPEC2017   ,1       ,129    ,-1     ,8192     ,80000  ,8192        ,2.064E+05 ,2.056E+05 ,2.064E+05 ,1.98E+05  ,5.030E+05 ,4.044E+03
memcpy_dev_v32_movsb_avx2_v21,rand SPEC2017   ,1       ,257    ,-1     ,4096     ,160000 ,4096        ,1.206E+05 ,1.201E+05 ,1.205E+05 ,1.16E+05  ,4.105E+05 ,2.495E+03
memcpy_dev_v32_movsb_avx2_v21,rand SPEC2017   ,1       ,0      ,-1     ,65536    ,10000  ,65536       ,1.354E+06 ,1.347E+06 ,1.354E+06 ,1.30E+06  ,1.673E+06 ,1.887E+04
memcpy_dev_v32_movsb_avx2_v21,rand SPEC2017   ,2       ,0      ,-1     ,65536    ,10000  ,65536       ,1.227E+06 ,1.231E+06 ,1.226E+06 ,1.16E+06  ,1.527E+06 ,1.755E+04
memcpy_dev_v32_movsb_avx2_v21,rand SPEC2017   ,4       ,0      ,-1     ,65536    ,10000  ,65536       ,1.597E+06 ,1.605E+06 ,1.597E+06 ,1.52E+06  ,1.903E+06 ,2.131E+04
memcpy_dev_v32_movsb_avx2_v21,rand SPEC2017   ,8       ,0      ,-1     ,65536    ,10000  ,65536       ,2.213E+06 ,2.215E+06 ,2.213E+06 ,2.10E+06  ,2.795E+06 ,1.771E+04
memcpy_dev_v32_movsb_avx2_v21,rand SPEC2017   ,16      ,0      ,-1     ,65536    ,10000  ,65536       ,4.003E+06 ,3.989E+06 ,4.003E+06 ,3.88E+06  ,4.393E+06 ,3.833E+04
memcpy_dev_v32_movsb_avx2_v21,rand SPEC2017   ,32      ,0      ,-1     ,65536    ,10000  ,65536       ,7.612E+06 ,7.637E+06 ,7.612E+06 ,7.37E+06  ,8.082E+06 ,7.062E+04
memcpy_dev_v32_movsb_avx2_v21,rand SPEC2017   ,64      ,0      ,-1     ,65536    ,10000  ,65536       ,1.518E+07 ,1.504E+07 ,1.517E+07 ,1.49E+07  ,3.167E+07 ,2.644E+05
memcpy_dev_v32_movsb_avx2_v21,rand SPEC2017   ,128     ,0      ,-1     ,65536    ,10000  ,65536       ,3.255E+07 ,3.230E+07 ,3.255E+07 ,3.22E+07  ,5.654E+07 ,4.406E+05
memcpy_dev_v32_movsb_avx2_v21,rand SPEC2017   ,256     ,0      ,-1     ,65536    ,10000  ,65536       ,7.375E+07 ,7.390E+07 ,7.374E+07 ,7.24E+07  ,9.836E+07 ,8.612E+05
memcpy_dev_v32_movsb_avx2_v22,rand SPEC2017   ,1       ,16     ,256    ,32768    ,20000  ,32768       ,4.098E+05 ,4.086E+05 ,4.097E+05 ,3.83E+05  ,7.134E+05 ,6.582E+03
memcpy_dev_v32_movsb_avx2_v22,rand SPEC2017   ,1       ,32     ,256    ,16384    ,40000  ,16384       ,1.548E+05 ,1.538E+05 ,1.548E+05 ,1.49E+05  ,4.538E+05 ,3.506E+03
memcpy_dev_v32_movsb_avx2_v22,rand SPEC2017   ,1       ,33     ,256    ,8192     ,80000  ,8192        ,8.762E+04 ,8.752E+04 ,8.761E+04 ,8.46E+04  ,3.829E+05 ,1.635E+03
memcpy_dev_v32_movsb_avx2_v22,rand SPEC2017   ,1       ,16     ,257    ,32768    ,20000  ,32768       ,3.962E+05 ,3.937E+05 ,3.962E+05 ,3.82E+05  ,7.031E+05 ,5.999E+03
memcpy_dev_v32_movsb_avx2_v22,rand SPEC2017   ,1       ,32     ,257    ,16384    ,40000  ,16384       ,1.543E+05 ,1.541E+05 ,1.543E+05 ,1.45E+05  ,4.466E+05 ,2.730E+03
memcpy_dev_v32_movsb_avx2_v22,rand SPEC2017   ,1       ,33     ,257    ,8192     ,80000  ,8192        ,8.756E+04 ,8.766E+04 ,8.754E+04 ,8.22E+04  ,4.021E+05 ,2.672E+03
memcpy_dev_v32_movsb_avx2_v22,rand SPEC2017   ,1       ,0      ,31     ,16384    ,40000  ,16384       ,2.062E+05 ,2.078E+05 ,2.062E+05 ,1.91E+05  ,5.032E+05 ,4.638E+03
memcpy_dev_v32_movsb_avx2_v22,rand SPEC2017   ,1       ,0      ,32     ,32768    ,20000  ,32768       ,4.929E+05 ,4.938E+05 ,4.929E+05 ,4.67E+05  ,7.806E+05 ,5.841E+03
memcpy_dev_v32_movsb_avx2_v22,rand SPEC2017   ,1       ,0      ,64     ,32768    ,20000  ,32768       ,4.892E+05 ,4.906E+05 ,4.891E+05 ,4.63E+05  ,7.832E+05 ,7.241E+03
memcpy_dev_v32_movsb_avx2_v22,rand SPEC2017   ,1       ,0      ,65     ,32768    ,20000  ,32768       ,4.914E+05 ,4.926E+05 ,4.914E+05 ,4.65E+05  ,7.818E+05 ,6.188E+03
memcpy_dev_v32_movsb_avx2_v22,rand SPEC2017   ,1       ,0      ,128    ,32768    ,20000  ,32768       ,5.047E+05 ,5.064E+05 ,5.046E+05 ,4.79E+05  ,7.966E+05 ,7.163E+03
memcpy_dev_v32_movsb_avx2_v22,rand SPEC2017   ,1       ,0      ,256    ,32768    ,20000  ,32768       ,5.489E+05 ,5.469E+05 ,5.488E+05 ,5.24E+05  ,8.519E+05 ,9.236E+03
memcpy_dev_v32_movsb_avx2_v22,rand SPEC2017   ,1       ,32     ,-1     ,32768    ,20000  ,32768       ,5.785E+05 ,5.788E+05 ,5.784E+05 ,5.46E+05  ,8.817E+05 ,8.893E+03
memcpy_dev_v32_movsb_avx2_v22,rand SPEC2017   ,1       ,33     ,-1     ,8192     ,80000  ,8192        ,1.952E+05 ,1.947E+05 ,1.952E+05 ,1.87E+05  ,4.887E+05 ,3.185E+03
memcpy_dev_v32_movsb_avx2_v22,rand SPEC2017   ,1       ,64     ,-1     ,8192     ,80000  ,8192        ,1.954E+05 ,1.938E+05 ,1.953E+05 ,1.86E+05  ,4.908E+05 ,4.149E+03
memcpy_dev_v32_movsb_avx2_v22,rand SPEC2017   ,1       ,65     ,-1     ,8192     ,80000  ,8192        ,1.975E+05 ,1.969E+05 ,1.975E+05 ,1.89E+05  ,4.880E+05 ,3.178E+03
memcpy_dev_v32_movsb_avx2_v22,rand SPEC2017   ,1       ,129    ,-1     ,8192     ,80000  ,8192        ,2.036E+05 ,2.027E+05 ,2.036E+05 ,1.95E+05  ,4.960E+05 ,3.588E+03
memcpy_dev_v32_movsb_avx2_v22,rand SPEC2017   ,1       ,257    ,-1     ,4096     ,160000 ,4096        ,1.202E+05 ,1.192E+05 ,1.201E+05 ,1.15E+05  ,1.658E+06 ,1.502E+04
memcpy_dev_v32_movsb_avx2_v22,rand SPEC2017   ,1       ,0      ,-1     ,65536    ,10000  ,65536       ,1.351E+06 ,1.342E+06 ,1.351E+06 ,1.30E+06  ,1.637E+06 ,1.929E+04
memcpy_dev_v32_movsb_avx2_v22,rand SPEC2017   ,2       ,0      ,-1     ,65536    ,10000  ,65536       ,1.212E+06 ,1.220E+06 ,1.211E+06 ,1.15E+06  ,1.668E+06 ,2.092E+04
memcpy_dev_v32_movsb_avx2_v22,rand SPEC2017   ,4       ,0      ,-1     ,65536    ,10000  ,65536       ,1.613E+06 ,1.615E+06 ,1.613E+06 ,1.53E+06  ,2.293E+06 ,1.536E+04
memcpy_dev_v32_movsb_avx2_v22,rand SPEC2017   ,8       ,0      ,-1     ,65536    ,10000  ,65536       ,2.220E+06 ,2.219E+06 ,2.220E+06 ,2.21E+06  ,2.648E+06 ,9.318E+03
memcpy_dev_v32_movsb_avx2_v22,rand SPEC2017   ,16      ,0      ,-1     ,65536    ,10000  ,65536       ,4.062E+06 ,4.039E+06 ,4.061E+06 ,3.95E+06  ,4.440E+06 ,4.753E+04
memcpy_dev_v32_movsb_avx2_v22,rand SPEC2017   ,32      ,0      ,-1     ,65536    ,10000  ,65536       ,7.479E+06 ,7.479E+06 ,7.478E+06 ,7.22E+06  ,2.137E+07 ,1.838E+05
memcpy_dev_v32_movsb_avx2_v22,rand SPEC2017   ,64      ,0      ,-1     ,65536    ,10000  ,65536       ,1.533E+07 ,1.545E+07 ,1.532E+07 ,1.50E+07  ,2.128E+07 ,2.009E+05
memcpy_dev_v32_movsb_avx2_v22,rand SPEC2017   ,128     ,0      ,-1     ,65536    ,10000  ,65536       ,3.465E+07 ,3.492E+07 ,3.465E+07 ,3.40E+07  ,5.945E+07 ,4.776E+05
memcpy_dev_v32_movsb_avx2_v22,rand SPEC2017   ,256     ,0      ,-1     ,65536    ,10000  ,65536       ,7.436E+07 ,7.477E+07 ,7.436E+07 ,7.27E+07  ,1.000E+08 ,7.783E+05
memcpy_glibc_v32_movsb_avx2,rand SPEC2017   ,1       ,16     ,256    ,32768    ,20000  ,32768       ,4.215E+05 ,4.211E+05 ,4.215E+05 ,3.97E+05  ,7.149E+05 ,5.504E+03
memcpy_glibc_v32_movsb_avx2,rand SPEC2017   ,1       ,32     ,256    ,16384    ,40000  ,16384       ,1.637E+05 ,1.629E+05 ,1.637E+05 ,1.57E+05  ,4.595E+05 ,3.088E+03
memcpy_glibc_v32_movsb_avx2,rand SPEC2017   ,1       ,33     ,256    ,8192     ,80000  ,8192        ,9.194E+04 ,9.188E+04 ,9.193E+04 ,8.88E+04  ,3.939E+05 ,1.633E+03
memcpy_glibc_v32_movsb_avx2,rand SPEC2017   ,1       ,16     ,257    ,32768    ,20000  ,32768       ,4.106E+05 ,4.094E+05 ,4.106E+05 ,3.97E+05  ,7.021E+05 ,4.627E+03
memcpy_glibc_v32_movsb_avx2,rand SPEC2017   ,1       ,32     ,257    ,16384    ,40000  ,16384       ,1.635E+05 ,1.639E+05 ,1.635E+05 ,1.54E+05  ,4.572E+05 ,3.022E+03
memcpy_glibc_v32_movsb_avx2,rand SPEC2017   ,1       ,33     ,257    ,8192     ,80000  ,8192        ,9.112E+04 ,9.168E+04 ,9.109E+04 ,8.62E+04  ,3.882E+05 ,2.492E+03
memcpy_glibc_v32_movsb_avx2,rand SPEC2017   ,1       ,0      ,31     ,16384    ,40000  ,16384       ,2.187E+05 ,2.175E+05 ,2.183E+05 ,2.10E+05  ,1.617E+06 ,2.759E+04
memcpy_glibc_v32_movsb_avx2,rand SPEC2017   ,1       ,0      ,32     ,32768    ,20000  ,32768       ,5.073E+05 ,5.096E+05 ,5.072E+05 ,4.81E+05  ,8.041E+05 ,7.377E+03
memcpy_glibc_v32_movsb_avx2,rand SPEC2017   ,1       ,0      ,64     ,32768    ,20000  ,32768       ,5.048E+05 ,5.079E+05 ,5.048E+05 ,4.80E+05  ,7.998E+05 ,7.812E+03
memcpy_glibc_v32_movsb_avx2,rand SPEC2017   ,1       ,0      ,65     ,32768    ,20000  ,32768       ,5.049E+05 ,5.073E+05 ,5.049E+05 ,4.79E+05  ,8.014E+05 ,7.199E+03
memcpy_glibc_v32_movsb_avx2,rand SPEC2017   ,1       ,0      ,128    ,32768    ,20000  ,32768       ,5.172E+05 ,5.202E+05 ,5.171E+05 ,4.91E+05  ,8.062E+05 ,7.753E+03
memcpy_glibc_v32_movsb_avx2,rand SPEC2017   ,1       ,0      ,256    ,32768    ,20000  ,32768       ,5.665E+05 ,5.690E+05 ,5.664E+05 ,5.33E+05  ,8.638E+05 ,8.748E+03
memcpy_glibc_v32_movsb_avx2,rand SPEC2017   ,1       ,32     ,-1     ,32768    ,20000  ,32768       ,6.218E+05 ,6.214E+05 ,6.218E+05 ,5.87E+05  ,9.275E+05 ,5.773E+03
memcpy_glibc_v32_movsb_avx2,rand SPEC2017   ,1       ,33     ,-1     ,8192     ,80000  ,8192        ,2.072E+05 ,2.052E+05 ,2.072E+05 ,1.98E+05  ,5.002E+05 ,4.346E+03
memcpy_glibc_v32_movsb_avx2,rand SPEC2017   ,1       ,64     ,-1     ,8192     ,80000  ,8192        ,2.069E+05 ,2.050E+05 ,2.068E+05 ,1.98E+05  ,4.986E+05 ,4.287E+03
memcpy_glibc_v32_movsb_avx2,rand SPEC2017   ,1       ,65     ,-1     ,8192     ,80000  ,8192        ,2.098E+05 ,2.084E+05 ,2.097E+05 ,2.01E+05  ,5.062E+05 ,3.942E+03
memcpy_glibc_v32_movsb_avx2,rand SPEC2017   ,1       ,129    ,-1     ,8192     ,80000  ,8192        ,2.166E+05 ,2.182E+05 ,2.165E+05 ,2.05E+05  ,5.139E+05 ,4.749E+03
memcpy_glibc_v32_movsb_avx2,rand SPEC2017   ,1       ,257    ,-1     ,4096     ,160000 ,4096        ,1.353E+05 ,1.358E+05 ,1.353E+05 ,1.27E+05  ,4.261E+05 ,2.832E+03
memcpy_glibc_v32_movsb_avx2,rand SPEC2017   ,1       ,0      ,-1     ,65536    ,10000  ,65536       ,1.411E+06 ,1.404E+06 ,1.410E+06 ,1.36E+06  ,1.763E+06 ,1.838E+04
memcpy_glibc_v32_movsb_avx2,rand SPEC2017   ,2       ,0      ,-1     ,65536    ,10000  ,65536       ,1.309E+06 ,1.319E+06 ,1.309E+06 ,1.25E+06  ,1.610E+06 ,2.046E+04
memcpy_glibc_v32_movsb_avx2,rand SPEC2017   ,4       ,0      ,-1     ,65536    ,10000  ,65536       ,1.694E+06 ,1.700E+06 ,1.694E+06 ,1.61E+06  ,2.131E+06 ,2.099E+04
memcpy_glibc_v32_movsb_avx2,rand SPEC2017   ,8       ,0      ,-1     ,65536    ,10000  ,65536       ,2.382E+06 ,2.383E+06 ,2.382E+06 ,2.26E+06  ,2.673E+06 ,1.400E+04
memcpy_glibc_v32_movsb_avx2,rand SPEC2017   ,16      ,0      ,-1     ,65536    ,10000  ,65536       ,4.329E+06 ,4.284E+06 ,4.328E+06 ,4.16E+06  ,4.713E+06 ,6.040E+04
memcpy_glibc_v32_movsb_avx2,rand SPEC2017   ,32      ,0      ,-1     ,65536    ,10000  ,65536       ,8.097E+06 ,8.095E+06 ,8.096E+06 ,7.87E+06  ,2.467E+07 ,1.737E+05
memcpy_glibc_v32_movsb_avx2,rand SPEC2017   ,64      ,0      ,-1     ,65536    ,10000  ,65536       ,1.637E+07 ,1.647E+07 ,1.637E+07 ,1.60E+07  ,1.725E+07 ,1.829E+05
memcpy_glibc_v32_movsb_avx2,rand SPEC2017   ,128     ,0      ,-1     ,65536    ,10000  ,65536       ,3.488E+07 ,3.504E+07 ,3.488E+07 ,3.41E+07  ,6.003E+07 ,4.223E+05
memcpy_glibc_v32_movsb_avx2,rand SPEC2017   ,256     ,0      ,-1     ,65536    ,10000  ,65536       ,7.838E+07 ,7.867E+07 ,7.838E+07 ,7.65E+07  ,1.040E+08 ,7.216E+05
memcpy_dev_v32_movsb_avx2_v19,rand SPEC2017   ,1       ,16     ,256    ,32768    ,20000  ,32768       ,4.084E+05 ,4.067E+05 ,4.084E+05 ,3.91E+05  ,7.040E+05 ,6.536E+03
memcpy_dev_v32_movsb_avx2_v19,rand SPEC2017   ,1       ,32     ,256    ,16384    ,40000  ,16384       ,1.562E+05 ,1.538E+05 ,1.557E+05 ,1.47E+05  ,1.687E+06 ,2.972E+04
memcpy_dev_v32_movsb_avx2_v19,rand SPEC2017   ,1       ,33     ,256    ,8192     ,80000  ,8192        ,8.757E+04 ,8.753E+04 ,8.756E+04 ,8.58E+04  ,3.741E+05 ,1.119E+03
memcpy_dev_v32_movsb_avx2_v19,rand SPEC2017   ,1       ,16     ,257    ,32768    ,20000  ,32768       ,3.969E+05 ,3.954E+05 ,3.969E+05 ,3.81E+05  ,6.858E+05 ,6.207E+03
memcpy_dev_v32_movsb_avx2_v19,rand SPEC2017   ,1       ,32     ,257    ,16384    ,40000  ,16384       ,1.541E+05 ,1.539E+05 ,1.541E+05 ,1.45E+05  ,4.494E+05 ,2.620E+03
memcpy_dev_v32_movsb_avx2_v19,rand SPEC2017   ,1       ,33     ,257    ,8192     ,80000  ,8192        ,8.616E+04 ,8.697E+04 ,8.613E+04 ,8.18E+04  ,3.833E+05 ,2.565E+03
memcpy_dev_v32_movsb_avx2_v19,rand SPEC2017   ,1       ,0      ,31     ,16384    ,40000  ,16384       ,2.025E+05 ,2.026E+05 ,2.024E+05 ,1.91E+05  ,4.953E+05 ,3.151E+03
memcpy_dev_v32_movsb_avx2_v19,rand SPEC2017   ,1       ,0      ,32     ,32768    ,20000  ,32768       ,4.937E+05 ,4.935E+05 ,4.937E+05 ,4.68E+05  ,7.847E+05 ,3.555E+03
memcpy_dev_v32_movsb_avx2_v19,rand SPEC2017   ,1       ,0      ,64     ,32768    ,20000  ,32768       ,4.912E+05 ,4.917E+05 ,4.912E+05 ,4.64E+05  ,7.819E+05 ,5.544E+03
memcpy_dev_v32_movsb_avx2_v19,rand SPEC2017   ,1       ,0      ,65     ,32768    ,20000  ,32768       ,4.926E+05 ,4.934E+05 ,4.926E+05 ,4.66E+05  ,7.866E+05 ,6.620E+03
memcpy_dev_v32_movsb_avx2_v19,rand SPEC2017   ,1       ,0      ,128    ,32768    ,20000  ,32768       ,5.039E+05 ,5.059E+05 ,5.038E+05 ,4.78E+05  ,7.947E+05 ,7.464E+03
memcpy_dev_v32_movsb_avx2_v19,rand SPEC2017   ,1       ,0      ,256    ,32768    ,20000  ,32768       ,5.498E+05 ,5.533E+05 ,5.498E+05 ,5.23E+05  ,8.402E+05 ,8.751E+03
memcpy_dev_v32_movsb_avx2_v19,rand SPEC2017   ,1       ,32     ,-1     ,32768    ,20000  ,32768       ,6.157E+05 ,6.152E+05 ,6.156E+05 ,5.78E+05  ,9.156E+05 ,8.000E+03
memcpy_dev_v32_movsb_avx2_v19,rand SPEC2017   ,1       ,33     ,-1     ,8192     ,80000  ,8192        ,2.096E+05 ,2.090E+05 ,2.096E+05 ,2.01E+05  ,5.056E+05 ,3.383E+03
memcpy_dev_v32_movsb_avx2_v19,rand SPEC2017   ,1       ,64     ,-1     ,8192     ,80000  ,8192        ,2.103E+05 ,2.089E+05 ,2.102E+05 ,2.01E+05  ,4.972E+05 ,4.026E+03
memcpy_dev_v32_movsb_avx2_v19,rand SPEC2017   ,1       ,65     ,-1     ,8192     ,80000  ,8192        ,2.141E+05 ,2.128E+05 ,2.139E+05 ,2.05E+05  ,1.675E+06 ,2.042E+04
memcpy_dev_v32_movsb_avx2_v19,rand SPEC2017   ,1       ,129    ,-1     ,8192     ,80000  ,8192        ,2.204E+05 ,2.196E+05 ,2.204E+05 ,2.11E+05  ,5.164E+05 ,3.596E+03
memcpy_dev_v32_movsb_avx2_v19,rand SPEC2017   ,1       ,257    ,-1     ,4096     ,160000 ,4096        ,1.320E+05 ,1.326E+05 ,1.320E+05 ,1.24E+05  ,4.253E+05 ,2.912E+03
memcpy_dev_v32_movsb_avx2_v19,rand SPEC2017   ,1       ,0      ,-1     ,65536    ,10000  ,65536       ,1.401E+06 ,1.409E+06 ,1.401E+06 ,1.33E+06  ,1.699E+06 ,1.981E+04
memcpy_dev_v32_movsb_avx2_v19,rand SPEC2017   ,2       ,0      ,-1     ,65536    ,10000  ,65536       ,1.294E+06 ,1.300E+06 ,1.294E+06 ,1.23E+06  ,1.593E+06 ,1.956E+04
memcpy_dev_v32_movsb_avx2_v19,rand SPEC2017   ,4       ,0      ,-1     ,65536    ,10000  ,65536       ,1.700E+06 ,1.701E+06 ,1.700E+06 ,1.61E+06  ,2.451E+06 ,1.540E+04
memcpy_dev_v32_movsb_avx2_v19,rand SPEC2017   ,8       ,0      ,-1     ,65536    ,10000  ,65536       ,2.313E+06 ,2.310E+06 ,2.312E+06 ,2.25E+06  ,2.603E+06 ,1.315E+04
memcpy_dev_v32_movsb_avx2_v19,rand SPEC2017   ,16      ,0      ,-1     ,65536    ,10000  ,65536       ,4.254E+06 ,4.256E+06 ,4.254E+06 ,4.12E+06  ,4.826E+06 ,2.398E+04
memcpy_dev_v32_movsb_avx2_v19,rand SPEC2017   ,32      ,0      ,-1     ,65536    ,10000  ,65536       ,7.762E+06 ,7.833E+06 ,7.762E+06 ,7.53E+06  ,9.467E+06 ,1.048E+05
memcpy_dev_v32_movsb_avx2_v19,rand SPEC2017   ,64      ,0      ,-1     ,65536    ,10000  ,65536       ,1.584E+07 ,1.571E+07 ,1.584E+07 ,1.56E+07  ,2.896E+07 ,2.624E+05
memcpy_dev_v32_movsb_avx2_v19,rand SPEC2017   ,128     ,0      ,-1     ,65536    ,10000  ,65536       ,3.454E+07 ,3.427E+07 ,3.454E+07 ,3.41E+07  ,5.926E+07 ,4.819E+05
memcpy_dev_v32_movsb_avx2_v19,rand SPEC2017   ,256     ,0      ,-1     ,65536    ,10000  ,65536       ,7.505E+07 ,7.502E+07 ,7.505E+07 ,7.40E+07  ,1.009E+08 ,9.034E+05
memcpy_dev_v32_movsb_avx2_v20,rand SPEC2017   ,1       ,16     ,256    ,32768    ,20000  ,32768       ,3.955E+05 ,3.952E+05 ,3.955E+05 ,3.93E+05  ,6.992E+05 ,3.513E+03
memcpy_dev_v32_movsb_avx2_v20,rand SPEC2017   ,1       ,32     ,256    ,16384    ,40000  ,16384       ,1.515E+05 ,1.501E+05 ,1.514E+05 ,1.45E+05  ,4.454E+05 ,4.085E+03
memcpy_dev_v32_movsb_avx2_v20,rand SPEC2017   ,1       ,33     ,256    ,8192     ,80000  ,8192        ,8.312E+04 ,8.306E+04 ,8.311E+04 ,8.03E+04  ,3.740E+05 ,1.604E+03
memcpy_dev_v32_movsb_avx2_v20,rand SPEC2017   ,1       ,16     ,257    ,32768    ,20000  ,32768       ,3.852E+05 ,3.838E+05 ,3.851E+05 ,3.72E+05  ,6.716E+05 ,5.477E+03
memcpy_dev_v32_movsb_avx2_v20,rand SPEC2017   ,1       ,32     ,257    ,16384    ,40000  ,16384       ,1.497E+05 ,1.495E+05 ,1.497E+05 ,1.41E+05  ,4.416E+05 ,1.896E+03
memcpy_dev_v32_movsb_avx2_v20,rand SPEC2017   ,1       ,33     ,257    ,8192     ,80000  ,8192        ,8.306E+04 ,8.304E+04 ,8.306E+04 ,7.79E+04  ,3.747E+05 ,1.269E+03
memcpy_dev_v32_movsb_avx2_v20,rand SPEC2017   ,1       ,0      ,31     ,16384    ,40000  ,16384       ,2.077E+05 ,2.085E+05 ,2.076E+05 ,1.97E+05  ,4.953E+05 ,6.332E+03
memcpy_dev_v32_movsb_avx2_v20,rand SPEC2017   ,1       ,0      ,32     ,32768    ,20000  ,32768       ,4.963E+05 ,4.962E+05 ,4.963E+05 ,4.70E+05  ,7.817E+05 ,3.727E+03
memcpy_dev_v32_movsb_avx2_v20,rand SPEC2017   ,1       ,0      ,64     ,32768    ,20000  ,32768       ,4.928E+05 ,4.940E+05 ,4.928E+05 ,4.67E+05  ,7.845E+05 ,6.468E+03
memcpy_dev_v32_movsb_avx2_v20,rand SPEC2017   ,1       ,0      ,65     ,32768    ,20000  ,32768       ,4.962E+05 ,4.960E+05 ,4.962E+05 ,4.70E+05  ,7.907E+05 ,7.954E+03
memcpy_dev_v32_movsb_avx2_v20,rand SPEC2017   ,1       ,0      ,128    ,32768    ,20000  ,32768       ,5.047E+05 ,5.064E+05 ,5.047E+05 ,4.77E+05  ,7.911E+05 ,6.669E+03
memcpy_dev_v32_movsb_avx2_v20,rand SPEC2017   ,1       ,0      ,256    ,32768    ,20000  ,32768       ,5.394E+05 ,5.408E+05 ,5.393E+05 ,5.10E+05  ,8.314E+05 ,7.450E+03
memcpy_dev_v32_movsb_avx2_v20,rand SPEC2017   ,1       ,32     ,-1     ,32768    ,20000  ,32768       ,5.624E+05 ,5.621E+05 ,5.624E+05 ,5.42E+05  ,8.687E+05 ,5.702E+03
memcpy_dev_v32_movsb_avx2_v20,rand SPEC2017   ,1       ,33     ,-1     ,8192     ,80000  ,8192        ,1.933E+05 ,1.917E+05 ,1.932E+05 ,1.84E+05  ,4.871E+05 ,4.113E+03
memcpy_dev_v32_movsb_avx2_v20,rand SPEC2017   ,1       ,64     ,-1     ,8192     ,80000  ,8192        ,1.913E+05 ,1.900E+05 ,1.912E+05 ,1.83E+05  ,4.792E+05 ,3.801E+03
memcpy_dev_v32_movsb_avx2_v20,rand SPEC2017   ,1       ,65     ,-1     ,8192     ,80000  ,8192        ,1.949E+05 ,1.937E+05 ,1.946E+05 ,1.85E+05  ,1.688E+06 ,2.058E+04
memcpy_dev_v32_movsb_avx2_v20,rand SPEC2017   ,1       ,129    ,-1     ,8192     ,80000  ,8192        ,2.000E+05 ,1.987E+05 ,1.999E+05 ,1.91E+05  ,4.948E+05 ,3.842E+03
memcpy_dev_v32_movsb_avx2_v20,rand SPEC2017   ,1       ,257    ,-1     ,4096     ,160000 ,4096        ,1.211E+05 ,1.217E+05 ,1.211E+05 ,1.15E+05  ,4.142E+05 ,3.079E+03
memcpy_dev_v32_movsb_avx2_v20,rand SPEC2017   ,1       ,0      ,-1     ,65536    ,10000  ,65536       ,1.339E+06 ,1.348E+06 ,1.339E+06 ,1.28E+06  ,1.696E+06 ,1.926E+04
memcpy_dev_v32_movsb_avx2_v20,rand SPEC2017   ,2       ,0      ,-1     ,65536    ,10000  ,65536       ,1.224E+06 ,1.212E+06 ,1.224E+06 ,1.17E+06  ,1.530E+06 ,1.879E+04
memcpy_dev_v32_movsb_avx2_v20,rand SPEC2017   ,4       ,0      ,-1     ,65536    ,10000  ,65536       ,1.587E+06 ,1.590E+06 ,1.587E+06 ,1.50E+06  ,1.885E+06 ,1.509E+04
memcpy_dev_v32_movsb_avx2_v20,rand SPEC2017   ,8       ,0      ,-1     ,65536    ,10000  ,65536       ,2.194E+06 ,2.193E+06 ,2.194E+06 ,2.08E+06  ,2.657E+06 ,1.085E+04
memcpy_dev_v32_movsb_avx2_v20,rand SPEC2017   ,16      ,0      ,-1     ,65536    ,10000  ,65536       ,3.997E+06 ,3.958E+06 ,3.997E+06 ,3.84E+06  ,4.434E+06 ,5.593E+04
memcpy_dev_v32_movsb_avx2_v20,rand SPEC2017   ,32      ,0      ,-1     ,65536    ,10000  ,65536       ,7.510E+06 ,7.500E+06 ,7.509E+06 ,7.31E+06  ,2.516E+07 ,1.857E+05
memcpy_dev_v32_movsb_avx2_v20,rand SPEC2017   ,64      ,0      ,-1     ,65536    ,10000  ,65536       ,1.543E+07 ,1.551E+07 ,1.543E+07 ,1.50E+07  ,3.431E+07 ,2.618E+05
memcpy_dev_v32_movsb_avx2_v20,rand SPEC2017   ,128     ,0      ,-1     ,65536    ,10000  ,65536       ,3.414E+07 ,3.431E+07 ,3.414E+07 ,3.34E+07  ,5.825E+07 ,4.142E+05
memcpy_dev_v32_movsb_avx2_v20,rand SPEC2017   ,256     ,0      ,-1     ,65536    ,10000  ,65536       ,7.448E+07 ,7.464E+07 ,7.448E+07 ,7.26E+07  ,9.894E+07 ,6.019E+05
memcpy_dev_v32_movsb_avx2_v21,rand SPEC2017   ,1       ,16     ,256    ,32768    ,20000  ,32768       ,4.109E+05 ,4.090E+05 ,4.109E+05 ,3.93E+05  ,7.030E+05 ,6.170E+03
memcpy_dev_v32_movsb_avx2_v21,rand SPEC2017   ,1       ,32     ,256    ,16384    ,40000  ,16384       ,1.613E+05 ,1.618E+05 ,1.613E+05 ,1.52E+05  ,4.520E+05 ,3.121E+03
memcpy_dev_v32_movsb_avx2_v21,rand SPEC2017   ,1       ,33     ,256    ,8192     ,80000  ,8192        ,8.792E+04 ,8.690E+04 ,8.790E+04 ,8.37E+04  ,3.810E+05 ,2.410E+03
memcpy_dev_v32_movsb_avx2_v21,rand SPEC2017   ,1       ,16     ,257    ,32768    ,20000  ,32768       ,4.011E+05 ,3.974E+05 ,4.003E+05 ,3.76E+05  ,2.978E+06 ,4.349E+04
memcpy_dev_v32_movsb_avx2_v21,rand SPEC2017   ,1       ,32     ,257    ,16384    ,40000  ,16384       ,1.579E+05 ,1.575E+05 ,1.578E+05 ,1.52E+05  ,4.479E+05 ,2.260E+03
memcpy_dev_v32_movsb_avx2_v21,rand SPEC2017   ,1       ,33     ,257    ,8192     ,80000  ,8192        ,8.719E+04 ,8.713E+04 ,8.719E+04 ,8.66E+04  ,3.779E+05 ,1.598E+03
memcpy_dev_v32_movsb_avx2_v21,rand SPEC2017   ,1       ,0      ,31     ,16384    ,40000  ,16384       ,2.081E+05 ,2.092E+05 ,2.080E+05 ,1.97E+05  ,5.068E+05 ,3.837E+03
memcpy_dev_v32_movsb_avx2_v21,rand SPEC2017   ,1       ,0      ,32     ,32768    ,20000  ,32768       ,4.951E+05 ,4.956E+05 ,4.950E+05 ,4.67E+05  ,7.864E+05 ,5.149E+03
memcpy_dev_v32_movsb_avx2_v21,rand SPEC2017   ,1       ,0      ,64     ,32768    ,20000  ,32768       ,4.960E+05 ,4.964E+05 ,4.960E+05 ,4.69E+05  ,7.830E+05 ,4.383E+03
memcpy_dev_v32_movsb_avx2_v21,rand SPEC2017   ,1       ,0      ,65     ,32768    ,20000  ,32768       ,4.957E+05 ,4.957E+05 ,4.957E+05 ,4.69E+05  ,7.863E+05 ,3.963E+03
memcpy_dev_v32_movsb_avx2_v21,rand SPEC2017   ,1       ,0      ,128    ,32768    ,20000  ,32768       ,5.051E+05 ,5.048E+05 ,5.050E+05 ,4.78E+05  ,8.030E+05 ,4.541E+03
memcpy_dev_v32_movsb_avx2_v21,rand SPEC2017   ,1       ,0      ,256    ,32768    ,20000  ,32768       ,5.537E+05 ,5.539E+05 ,5.537E+05 ,5.24E+05  ,8.531E+05 ,5.808E+03
memcpy_dev_v32_movsb_avx2_v21,rand SPEC2017   ,1       ,32     ,-1     ,32768    ,20000  ,32768       ,5.892E+05 ,5.870E+05 ,5.891E+05 ,5.65E+05  ,8.775E+05 ,8.968E+03
memcpy_dev_v32_movsb_avx2_v21,rand SPEC2017   ,1       ,33     ,-1     ,8192     ,80000  ,8192        ,1.989E+05 ,1.998E+05 ,1.988E+05 ,1.87E+05  ,4.960E+05 ,4.069E+03
memcpy_dev_v32_movsb_avx2_v21,rand SPEC2017   ,1       ,64     ,-1     ,8192     ,80000  ,8192        ,1.975E+05 ,1.989E+05 ,1.975E+05 ,1.87E+05  ,4.881E+05 ,4.185E+03
memcpy_dev_v32_movsb_avx2_v21,rand SPEC2017   ,1       ,65     ,-1     ,8192     ,80000  ,8192        ,1.987E+05 ,2.000E+05 ,1.987E+05 ,1.88E+05  ,4.966E+05 ,4.175E+03
memcpy_dev_v32_movsb_avx2_v21,rand SPEC2017   ,1       ,129    ,-1     ,8192     ,80000  ,8192        ,2.078E+05 ,2.058E+05 ,2.075E+05 ,1.97E+05  ,1.702E+06 ,2.057E+04
memcpy_dev_v32_movsb_avx2_v21,rand SPEC2017   ,1       ,257    ,-1     ,4096     ,160000 ,4096        ,1.213E+05 ,1.221E+05 ,1.213E+05 ,1.15E+05  ,4.104E+05 ,2.947E+03
memcpy_dev_v32_movsb_avx2_v21,rand SPEC2017   ,1       ,0      ,-1     ,65536    ,10000  ,65536       ,1.369E+06 ,1.372E+06 ,1.369E+06 ,1.30E+06  ,1.661E+06 ,1.544E+04
memcpy_dev_v32_movsb_avx2_v21,rand SPEC2017   ,2       ,0      ,-1     ,65536    ,10000  ,65536       ,1.236E+06 ,1.235E+06 ,1.236E+06 ,1.16E+06  ,1.524E+06 ,1.035E+04
memcpy_dev_v32_movsb_avx2_v21,rand SPEC2017   ,4       ,0      ,-1     ,65536    ,10000  ,65536       ,1.605E+06 ,1.605E+06 ,1.605E+06 ,1.60E+06  ,1.915E+06 ,6.569E+03
memcpy_dev_v32_movsb_avx2_v21,rand SPEC2017   ,8       ,0      ,-1     ,65536    ,10000  ,65536       ,2.219E+06 ,2.211E+06 ,2.219E+06 ,2.15E+06  ,2.613E+06 ,2.401E+04
memcpy_dev_v32_movsb_avx2_v21,rand SPEC2017   ,16      ,0      ,-1     ,65536    ,10000  ,65536       ,4.061E+06 ,4.093E+06 ,4.060E+06 ,3.92E+06  ,5.547E+06 ,5.636E+04
memcpy_dev_v32_movsb_avx2_v21,rand SPEC2017   ,32      ,0      ,-1     ,65536    ,10000  ,65536       ,8.077E+06 ,8.069E+06 ,8.076E+06 ,7.79E+06  ,2.864E+07 ,2.146E+05
memcpy_dev_v32_movsb_avx2_v21,rand SPEC2017   ,64      ,0      ,-1     ,65536    ,10000  ,65536       ,1.543E+07 ,1.546E+07 ,1.543E+07 ,1.50E+07  ,3.991E+07 ,2.732E+05
memcpy_dev_v32_movsb_avx2_v21,rand SPEC2017   ,128     ,0      ,-1     ,65536    ,10000  ,65536       ,3.332E+07 ,3.349E+07 ,3.331E+07 ,3.25E+07  ,4.812E+07 ,3.854E+05
memcpy_dev_v32_movsb_avx2_v21,rand SPEC2017   ,256     ,0      ,-1     ,65536    ,10000  ,65536       ,7.350E+07 ,7.371E+07 ,7.350E+07 ,7.17E+07  ,9.969E+07 ,6.434E+05
memcpy_dev_v32_movsb_avx2_v22,rand SPEC2017   ,1       ,16     ,256    ,32768    ,20000  ,32768       ,4.084E+05 ,4.068E+05 ,4.084E+05 ,3.82E+05  ,7.083E+05 ,6.547E+03
memcpy_dev_v32_movsb_avx2_v22,rand SPEC2017   ,1       ,32     ,256    ,16384    ,40000  ,16384       ,1.555E+05 ,1.543E+05 ,1.555E+05 ,1.49E+05  ,4.543E+05 ,3.772E+03
memcpy_dev_v32_movsb_avx2_v22,rand SPEC2017   ,1       ,33     ,256    ,8192     ,80000  ,8192        ,8.743E+04 ,8.737E+04 ,8.743E+04 ,8.44E+04  ,3.788E+05 ,1.616E+03
memcpy_dev_v32_movsb_avx2_v22,rand SPEC2017   ,1       ,16     ,257    ,32768    ,20000  ,32768       ,4.009E+05 ,3.979E+05 ,4.009E+05 ,3.82E+05  ,7.469E+05 ,7.928E+03
memcpy_dev_v32_movsb_avx2_v22,rand SPEC2017   ,1       ,32     ,257    ,16384    ,40000  ,16384       ,1.540E+05 ,1.538E+05 ,1.540E+05 ,1.53E+05  ,4.458E+05 ,1.905E+03
memcpy_dev_v32_movsb_avx2_v22,rand SPEC2017   ,1       ,33     ,257    ,8192     ,80000  ,8192        ,8.758E+04 ,8.754E+04 ,8.757E+04 ,8.24E+04  ,3.770E+05 ,1.383E+03
memcpy_dev_v32_movsb_avx2_v22,rand SPEC2017   ,1       ,0      ,31     ,16384    ,40000  ,16384       ,2.039E+05 ,2.032E+05 ,2.035E+05 ,1.92E+05  ,1.634E+06 ,2.768E+04
memcpy_dev_v32_movsb_avx2_v22,rand SPEC2017   ,1       ,0      ,32     ,32768    ,20000  ,32768       ,4.946E+05 ,4.942E+05 ,4.946E+05 ,4.69E+05  ,7.914E+05 ,4.371E+03
memcpy_dev_v32_movsb_avx2_v22,rand SPEC2017   ,1       ,0      ,64     ,32768    ,20000  ,32768       ,4.923E+05 ,4.921E+05 ,4.923E+05 ,4.75E+05  ,8.068E+05 ,4.569E+03
memcpy_dev_v32_movsb_avx2_v22,rand SPEC2017   ,1       ,0      ,65     ,32768    ,20000  ,32768       ,4.921E+05 ,4.921E+05 ,4.921E+05 ,4.76E+05  ,7.781E+05 ,5.217E+03
memcpy_dev_v32_movsb_avx2_v22,rand SPEC2017   ,1       ,0      ,128    ,32768    ,20000  ,32768       ,5.063E+05 ,5.069E+05 ,5.063E+05 ,4.79E+05  ,7.912E+05 ,5.662E+03
memcpy_dev_v32_movsb_avx2_v22,rand SPEC2017   ,1       ,0      ,256    ,32768    ,20000  ,32768       ,5.552E+05 ,5.555E+05 ,5.552E+05 ,5.25E+05  ,8.482E+05 ,5.765E+03
memcpy_dev_v32_movsb_avx2_v22,rand SPEC2017   ,1       ,32     ,-1     ,32768    ,20000  ,32768       ,5.804E+05 ,5.791E+05 ,5.804E+05 ,5.61E+05  ,8.734E+05 ,5.796E+03
memcpy_dev_v32_movsb_avx2_v22,rand SPEC2017   ,1       ,33     ,-1     ,8192     ,80000  ,8192        ,1.960E+05 ,1.945E+05 ,1.960E+05 ,1.87E+05  ,4.862E+05 ,3.996E+03
memcpy_dev_v32_movsb_avx2_v22,rand SPEC2017   ,1       ,64     ,-1     ,8192     ,80000  ,8192        ,1.952E+05 ,1.941E+05 ,1.951E+05 ,1.87E+05  ,4.906E+05 ,3.833E+03
memcpy_dev_v32_movsb_avx2_v22,rand SPEC2017   ,1       ,65     ,-1     ,8192     ,80000  ,8192        ,1.990E+05 ,1.978E+05 ,1.989E+05 ,1.89E+05  ,4.981E+05 ,5.097E+03
memcpy_dev_v32_movsb_avx2_v22,rand SPEC2017   ,1       ,129    ,-1     ,8192     ,80000  ,8192        ,2.052E+05 ,2.036E+05 ,2.051E+05 ,1.95E+05  ,4.979E+05 ,4.936E+03
memcpy_dev_v32_movsb_avx2_v22,rand SPEC2017   ,1       ,257    ,-1     ,4096     ,160000 ,4096        ,1.211E+05 ,1.218E+05 ,1.210E+05 ,1.14E+05  ,4.110E+05 ,3.255E+03
memcpy_dev_v32_movsb_avx2_v22,rand SPEC2017   ,1       ,0      ,-1     ,65536    ,10000  ,65536       ,1.365E+06 ,1.372E+06 ,1.364E+06 ,1.27E+06  ,6.595E+06 ,1.029E+05
memcpy_dev_v32_movsb_avx2_v22,rand SPEC2017   ,2       ,0      ,-1     ,65536    ,10000  ,65536       ,1.212E+06 ,1.221E+06 ,1.212E+06 ,1.15E+06  ,1.512E+06 ,1.941E+04
memcpy_dev_v32_movsb_avx2_v22,rand SPEC2017   ,4       ,0      ,-1     ,65536    ,10000  ,65536       ,1.613E+06 ,1.617E+06 ,1.612E+06 ,1.53E+06  ,1.995E+06 ,1.756E+04
memcpy_dev_v32_movsb_avx2_v22,rand SPEC2017   ,8       ,0      ,-1     ,65536    ,10000  ,65536       ,2.216E+06 ,2.214E+06 ,2.216E+06 ,2.15E+06  ,3.392E+06 ,1.530E+04
memcpy_dev_v32_movsb_avx2_v22,rand SPEC2017   ,16      ,0      ,-1     ,65536    ,10000  ,65536       ,4.054E+06 ,4.096E+06 ,4.054E+06 ,3.88E+06  ,5.992E+06 ,6.622E+04
memcpy_dev_v32_movsb_avx2_v22,rand SPEC2017   ,32      ,0      ,-1     ,65536    ,10000  ,65536       ,7.545E+06 ,7.539E+06 ,7.545E+06 ,7.48E+06  ,1.120E+07 ,7.329E+04
memcpy_dev_v32_movsb_avx2_v22,rand SPEC2017   ,64      ,0      ,-1     ,65536    ,10000  ,65536       ,1.549E+07 ,1.553E+07 ,1.549E+07 ,1.50E+07  ,2.363E+07 ,1.789E+05
memcpy_dev_v32_movsb_avx2_v22,rand SPEC2017   ,128     ,0      ,-1     ,65536    ,10000  ,65536       ,3.272E+07 ,3.289E+07 ,3.272E+07 ,3.20E+07  ,5.685E+07 ,4.098E+05
memcpy_dev_v32_movsb_avx2_v22,rand SPEC2017   ,256     ,0      ,-1     ,65536    ,10000  ,65536       ,7.696E+07 ,7.703E+07 ,7.696E+07 ,7.49E+07  ,1.030E+08 ,6.031E+05
memcpy_glibc_v32_movsb_avx2,rand SPEC2017   ,1       ,16     ,256    ,32768    ,20000  ,32768       ,4.232E+05 ,4.222E+05 ,4.232E+05 ,4.09E+05  ,7.193E+05 ,4.474E+03
memcpy_glibc_v32_movsb_avx2,rand SPEC2017   ,1       ,32     ,256    ,16384    ,40000  ,16384       ,1.647E+05 ,1.632E+05 ,1.646E+05 ,1.57E+05  ,4.525E+05 ,3.455E+03
memcpy_glibc_v32_movsb_avx2,rand SPEC2017   ,1       ,33     ,256    ,8192     ,80000  ,8192        ,9.187E+04 ,9.177E+04 ,9.186E+04 ,8.89E+04  ,3.826E+05 ,1.667E+03
memcpy_glibc_v32_movsb_avx2,rand SPEC2017   ,1       ,16     ,257    ,32768    ,20000  ,32768       ,4.126E+05 ,4.100E+05 ,4.125E+05 ,3.97E+05  ,7.061E+05 ,7.803E+03
memcpy_glibc_v32_movsb_avx2,rand SPEC2017   ,1       ,32     ,257    ,16384    ,40000  ,16384       ,1.629E+05 ,1.627E+05 ,1.629E+05 ,1.58E+05  ,4.496E+05 ,1.744E+03
memcpy_glibc_v32_movsb_avx2,rand SPEC2017   ,1       ,33     ,257    ,8192     ,80000  ,8192        ,9.156E+04 ,9.152E+04 ,9.155E+04 ,8.86E+04  ,3.798E+05 ,1.185E+03
memcpy_glibc_v32_movsb_avx2,rand SPEC2017   ,1       ,0      ,31     ,16384    ,40000  ,16384       ,2.202E+05 ,2.187E+05 ,2.202E+05 ,2.09E+05  ,5.126E+05 ,4.176E+03
memcpy_glibc_v32_movsb_avx2,rand SPEC2017   ,1       ,0      ,32     ,32768    ,20000  ,32768       ,5.105E+05 ,5.091E+05 ,5.098E+05 ,4.83E+05  ,3.128E+06 ,4.619E+04
memcpy_glibc_v32_movsb_avx2,rand SPEC2017   ,1       ,0      ,64     ,32768    ,20000  ,32768       ,5.074E+05 ,5.082E+05 ,5.074E+05 ,4.80E+05  ,7.963E+05 ,5.339E+03
memcpy_glibc_v32_movsb_avx2,rand SPEC2017   ,1       ,0      ,65     ,32768    ,20000  ,32768       ,5.074E+05 ,5.077E+05 ,5.074E+05 ,4.80E+05  ,7.989E+05 ,5.026E+03
memcpy_glibc_v32_movsb_avx2,rand SPEC2017   ,1       ,0      ,128    ,32768    ,20000  ,32768       ,5.197E+05 ,5.207E+05 ,5.197E+05 ,4.91E+05  ,8.151E+05 ,6.570E+03
memcpy_glibc_v32_movsb_avx2,rand SPEC2017   ,1       ,0      ,256    ,32768    ,20000  ,32768       ,5.671E+05 ,5.685E+05 ,5.671E+05 ,5.34E+05  ,8.531E+05 ,6.908E+03
memcpy_glibc_v32_movsb_avx2,rand SPEC2017   ,1       ,32     ,-1     ,32768    ,20000  ,32768       ,6.221E+05 ,6.205E+05 ,6.221E+05 ,5.99E+05  ,9.125E+05 ,6.860E+03
memcpy_glibc_v32_movsb_avx2,rand SPEC2017   ,1       ,33     ,-1     ,8192     ,80000  ,8192        ,2.091E+05 ,2.098E+05 ,2.091E+05 ,1.97E+05  ,5.024E+05 ,3.599E+03
memcpy_glibc_v32_movsb_avx2,rand SPEC2017   ,1       ,64     ,-1     ,8192     ,80000  ,8192        ,2.100E+05 ,2.108E+05 ,2.100E+05 ,1.98E+05  ,4.999E+05 ,3.837E+03
memcpy_glibc_v32_movsb_avx2,rand SPEC2017   ,1       ,65     ,-1     ,8192     ,80000  ,8192        ,2.103E+05 ,2.120E+05 ,2.102E+05 ,2.00E+05  ,5.011E+05 ,4.326E+03
memcpy_glibc_v32_movsb_avx2,rand SPEC2017   ,1       ,129    ,-1     ,8192     ,80000  ,8192        ,2.174E+05 ,2.185E+05 ,2.173E+05 ,2.05E+05  ,5.098E+05 ,4.087E+03
memcpy_glibc_v32_movsb_avx2,rand SPEC2017   ,1       ,257    ,-1     ,4096     ,160000 ,4096        ,1.355E+05 ,1.357E+05 ,1.355E+05 ,1.27E+05  ,4.263E+05 ,2.573E+03
memcpy_glibc_v32_movsb_avx2,rand SPEC2017   ,1       ,0      ,-1     ,65536    ,10000  ,65536       ,1.420E+06 ,1.405E+06 ,1.418E+06 ,1.36E+06  ,6.364E+06 ,1.004E+05
memcpy_glibc_v32_movsb_avx2,rand SPEC2017   ,2       ,0      ,-1     ,65536    ,10000  ,65536       ,1.313E+06 ,1.316E+06 ,1.313E+06 ,1.24E+06  ,1.651E+06 ,1.781E+04
memcpy_glibc_v32_movsb_avx2,rand SPEC2017   ,4       ,0      ,-1     ,65536    ,10000  ,65536       ,1.703E+06 ,1.702E+06 ,1.703E+06 ,1.69E+06  ,2.264E+06 ,1.001E+04
memcpy_glibc_v32_movsb_avx2,rand SPEC2017   ,8       ,0      ,-1     ,65536    ,10000  ,65536       ,2.385E+06 ,2.383E+06 ,2.384E+06 ,2.31E+06  ,3.598E+06 ,2.470E+04
memcpy_glibc_v32_movsb_avx2,rand SPEC2017   ,16      ,0      ,-1     ,65536    ,10000  ,65536       ,4.348E+06 ,4.393E+06 ,4.347E+06 ,4.20E+06  ,6.490E+06 ,6.876E+04
memcpy_glibc_v32_movsb_avx2,rand SPEC2017   ,32      ,0      ,-1     ,65536    ,10000  ,65536       ,8.161E+06 ,8.156E+06 ,8.159E+06 ,7.93E+06  ,3.102E+07 ,2.366E+05
memcpy_glibc_v32_movsb_avx2,rand SPEC2017   ,64      ,0      ,-1     ,65536    ,10000  ,65536       ,1.666E+07 ,1.670E+07 ,1.666E+07 ,1.62E+07  ,2.183E+07 ,1.548E+05
memcpy_glibc_v32_movsb_avx2,rand SPEC2017   ,128     ,0      ,-1     ,65536    ,10000  ,65536       ,3.467E+07 ,3.483E+07 ,3.467E+07 ,3.38E+07  ,5.808E+07 ,4.130E+05
