impl name               ,test name       ,size    ,al dst ,al src ,dst > src,trials ,inner trials,mean      ,median    ,geomean   ,min       ,max       ,stdev
memcpy_dev_v32_movsb_v19,rand SPEC2017   ,1       ,16     ,256    ,32768    ,20000  ,32768       ,3.669E+05 ,3.655E+05 ,3.668E+05 ,3.58E+05  ,5.054E+05 ,7.150E+03
memcpy_dev_v32_movsb_v19,rand SPEC2017   ,1       ,32     ,256    ,16384    ,40000  ,16384       ,1.071E+05 ,1.070E+05 ,1.070E+05 ,1.01E+05  ,2.101E+05 ,2.383E+03
memcpy_dev_v32_movsb_v19,rand SPEC2017   ,1       ,33     ,256    ,8192     ,80000  ,8192        ,6.338E+04 ,6.347E+04 ,6.334E+04 ,5.71E+04  ,1.271E+06 ,5.574E+03
memcpy_dev_v32_movsb_v19,rand SPEC2017   ,1       ,16     ,257    ,32768    ,20000  ,32768       ,3.650E+05 ,3.693E+05 ,3.646E+05 ,3.18E+05  ,1.445E+06 ,1.743E+04
memcpy_dev_v32_movsb_v19,rand SPEC2017   ,1       ,32     ,257    ,16384    ,40000  ,16384       ,1.417E+05 ,1.410E+05 ,1.416E+05 ,1.35E+05  ,1.213E+06 ,1.061E+04
memcpy_dev_v32_movsb_v19,rand SPEC2017   ,1       ,33     ,257    ,8192     ,80000  ,8192        ,5.802E+04 ,5.762E+04 ,5.801E+04 ,5.67E+04  ,1.631E+05 ,1.175E+03
memcpy_dev_v32_movsb_v19,rand SPEC2017   ,1       ,0      ,31     ,16384    ,40000  ,16384       ,1.805E+05 ,1.790E+05 ,1.804E+05 ,1.76E+05  ,1.242E+06 ,7.934E+03
memcpy_dev_v32_movsb_v19,rand SPEC2017   ,1       ,0      ,32     ,32768    ,20000  ,32768       ,4.584E+05 ,4.574E+05 ,4.582E+05 ,4.52E+05  ,1.524E+06 ,1.942E+04
memcpy_dev_v32_movsb_v19,rand SPEC2017   ,1       ,0      ,64     ,32768    ,20000  ,32768       ,4.574E+05 ,4.564E+05 ,4.572E+05 ,4.50E+05  ,1.411E+06 ,1.677E+04
memcpy_dev_v32_movsb_v19,rand SPEC2017   ,1       ,0      ,65     ,32768    ,20000  ,32768       ,4.608E+05 ,4.594E+05 ,4.605E+05 ,4.53E+05  ,2.056E+06 ,2.650E+04
memcpy_dev_v32_movsb_v19,rand SPEC2017   ,1       ,0      ,128    ,32768    ,20000  ,32768       ,4.712E+05 ,4.694E+05 ,4.708E+05 ,4.62E+05  ,1.828E+06 ,2.489E+04
memcpy_dev_v32_movsb_v19,rand SPEC2017   ,1       ,0      ,256    ,32768    ,20000  ,32768       ,5.160E+05 ,5.129E+05 ,5.156E+05 ,5.07E+05  ,1.836E+06 ,2.656E+04
memcpy_dev_v32_movsb_v19,rand SPEC2017   ,1       ,32     ,-1     ,32768    ,20000  ,32768       ,5.596E+05 ,5.589E+05 ,5.594E+05 ,5.45E+05  ,1.643E+06 ,2.021E+04
memcpy_dev_v32_movsb_v19,rand SPEC2017   ,1       ,33     ,-1     ,8192     ,80000  ,8192        ,1.533E+05 ,1.523E+05 ,1.532E+05 ,1.49E+05  ,1.102E+06 ,9.676E+03
memcpy_dev_v32_movsb_v19,rand SPEC2017   ,1       ,64     ,-1     ,8192     ,80000  ,8192        ,1.543E+05 ,1.534E+05 ,1.542E+05 ,1.49E+05  ,1.269E+06 ,1.036E+04
memcpy_dev_v32_movsb_v19,rand SPEC2017   ,1       ,65     ,-1     ,8192     ,80000  ,8192        ,1.560E+05 ,1.549E+05 ,1.559E+05 ,1.52E+05  ,1.261E+06 ,1.063E+04
memcpy_dev_v32_movsb_v19,rand SPEC2017   ,1       ,129    ,-1     ,8192     ,80000  ,8192        ,1.674E+05 ,1.663E+05 ,1.673E+05 ,1.60E+05  ,1.257E+06 ,1.133E+04
memcpy_dev_v32_movsb_v19,rand SPEC2017   ,1       ,257    ,-1     ,4096     ,160000 ,4096        ,9.192E+04 ,9.117E+04 ,9.184E+04 ,8.85E+04  ,1.116E+06 ,7.926E+03
memcpy_dev_v32_movsb_v19,rand SPEC2017   ,1       ,0      ,-1     ,65536    ,10000  ,65536       ,1.357E+06 ,1.353E+06 ,1.357E+06 ,1.34E+06  ,2.373E+06 ,3.297E+04
memcpy_dev_v32_movsb_v19,rand SPEC2017   ,2       ,0      ,-1     ,65536    ,10000  ,65536       ,1.219E+06 ,1.219E+06 ,1.219E+06 ,1.19E+06  ,2.334E+06 ,2.911E+04
memcpy_dev_v32_movsb_v19,rand SPEC2017   ,4       ,0      ,-1     ,65536    ,10000  ,65536       ,1.563E+06 ,1.554E+06 ,1.563E+06 ,1.51E+06  ,2.778E+06 ,4.638E+04
memcpy_dev_v32_movsb_v19,rand SPEC2017   ,8       ,0      ,-1     ,65536    ,10000  ,65536       ,1.979E+06 ,1.968E+06 ,1.979E+06 ,1.92E+06  ,3.225E+06 ,4.366E+04
memcpy_dev_v32_movsb_v19,rand SPEC2017   ,16      ,0      ,-1     ,65536    ,10000  ,65536       ,3.446E+06 ,3.430E+06 ,3.446E+06 ,3.41E+06  ,5.179E+06 ,7.371E+04
memcpy_dev_v32_movsb_v19,rand SPEC2017   ,32      ,0      ,-1     ,65536    ,10000  ,65536       ,6.418E+06 ,6.403E+06 ,6.418E+06 ,6.32E+06  ,8.230E+06 ,8.313E+04
memcpy_dev_v32_movsb_v19,rand SPEC2017   ,64      ,0      ,-1     ,65536    ,10000  ,65536       ,1.342E+07 ,1.341E+07 ,1.342E+07 ,1.33E+07  ,1.696E+07 ,1.938E+05
memcpy_dev_v32_movsb_v19,rand SPEC2017   ,128     ,0      ,-1     ,65536    ,10000  ,65536       ,2.752E+07 ,2.749E+07 ,2.752E+07 ,2.71E+07  ,3.948E+07 ,3.568E+05
memcpy_dev_v32_movsb_v19,rand SPEC2017   ,256     ,0      ,-1     ,65536    ,10000  ,65536       ,5.647E+07 ,5.643E+07 ,5.647E+07 ,5.56E+07  ,6.765E+07 ,5.129E+05
memcpy_dev_v32_movsb_v20,rand SPEC2017   ,1       ,16     ,256    ,32768    ,20000  ,32768       ,3.873E+05 ,3.857E+05 ,3.872E+05 ,3.75E+05  ,1.312E+06 ,1.390E+04
memcpy_dev_v32_movsb_v20,rand SPEC2017   ,1       ,32     ,256    ,16384    ,40000  ,16384       ,1.427E+05 ,1.465E+05 ,1.420E+05 ,1.08E+05  ,1.207E+06 ,1.569E+04
memcpy_dev_v32_movsb_v20,rand SPEC2017   ,1       ,33     ,256    ,8192     ,80000  ,8192        ,6.688E+04 ,6.689E+04 ,6.681E+04 ,5.95E+04  ,1.382E+06 ,8.251E+03
memcpy_dev_v32_movsb_v20,rand SPEC2017   ,1       ,16     ,257    ,32768    ,20000  ,32768       ,3.813E+05 ,3.847E+05 ,3.809E+05 ,3.29E+05  ,1.489E+06 ,2.234E+04
memcpy_dev_v32_movsb_v20,rand SPEC2017   ,1       ,32     ,257    ,16384    ,40000  ,16384       ,1.455E+05 ,1.446E+05 ,1.454E+05 ,1.40E+05  ,1.176E+06 ,9.722E+03
memcpy_dev_v32_movsb_v20,rand SPEC2017   ,1       ,33     ,257    ,8192     ,80000  ,8192        ,6.555E+04 ,6.688E+04 ,6.546E+04 ,5.96E+04  ,1.122E+06 ,7.472E+03
memcpy_dev_v32_movsb_v20,rand SPEC2017   ,1       ,0      ,31     ,16384    ,40000  ,16384       ,2.113E+05 ,2.102E+05 ,2.111E+05 ,1.98E+05  ,1.267E+06 ,1.296E+04
memcpy_dev_v32_movsb_v20,rand SPEC2017   ,1       ,0      ,32     ,32768    ,20000  ,32768       ,4.748E+05 ,4.732E+05 ,4.746E+05 ,4.56E+05  ,1.545E+06 ,2.030E+04
memcpy_dev_v32_movsb_v20,rand SPEC2017   ,1       ,0      ,64     ,32768    ,20000  ,32768       ,4.759E+05 ,4.742E+05 ,4.757E+05 ,4.58E+05  ,1.546E+06 ,1.931E+04
memcpy_dev_v32_movsb_v20,rand SPEC2017   ,1       ,0      ,65     ,32768    ,20000  ,32768       ,4.747E+05 ,4.731E+05 ,4.745E+05 ,4.55E+05  ,1.444E+06 ,1.796E+04
memcpy_dev_v32_movsb_v20,rand SPEC2017   ,1       ,0      ,128    ,32768    ,20000  ,32768       ,4.886E+05 ,4.881E+05 ,4.884E+05 ,4.70E+05  ,1.565E+06 ,1.998E+04
memcpy_dev_v32_movsb_v20,rand SPEC2017   ,1       ,0      ,256    ,32768    ,20000  ,32768       ,5.334E+05 ,5.302E+05 ,5.332E+05 ,5.14E+05  ,1.659E+06 ,2.141E+04
memcpy_dev_v32_movsb_v20,rand SPEC2017   ,1       ,32     ,-1     ,32768    ,20000  ,32768       ,5.762E+05 ,5.728E+05 ,5.760E+05 ,5.59E+05  ,1.704E+06 ,2.101E+04
memcpy_dev_v32_movsb_v20,rand SPEC2017   ,1       ,33     ,-1     ,8192     ,80000  ,8192        ,1.561E+05 ,1.551E+05 ,1.560E+05 ,1.51E+05  ,1.162E+06 ,1.098E+04
memcpy_dev_v32_movsb_v20,rand SPEC2017   ,1       ,64     ,-1     ,8192     ,80000  ,8192        ,1.611E+05 ,1.601E+05 ,1.609E+05 ,1.53E+05  ,1.411E+06 ,1.283E+04
memcpy_dev_v32_movsb_v20,rand SPEC2017   ,1       ,65     ,-1     ,8192     ,80000  ,8192        ,1.614E+05 ,1.605E+05 ,1.614E+05 ,1.55E+05  ,1.105E+06 ,9.712E+03
memcpy_dev_v32_movsb_v20,rand SPEC2017   ,1       ,129    ,-1     ,8192     ,80000  ,8192        ,1.718E+05 ,1.706E+05 ,1.717E+05 ,1.65E+05  ,1.248E+06 ,1.094E+04
memcpy_dev_v32_movsb_v20,rand SPEC2017   ,1       ,257    ,-1     ,4096     ,160000 ,4096        ,9.450E+04 ,9.390E+04 ,9.443E+04 ,9.02E+04  ,1.169E+06 ,7.898E+03
memcpy_dev_v32_movsb_v20,rand SPEC2017   ,1       ,0      ,-1     ,65536    ,10000  ,65536       ,1.399E+06 ,1.391E+06 ,1.398E+06 ,1.35E+06  ,2.520E+06 ,4.465E+04
memcpy_dev_v32_movsb_v20,rand SPEC2017   ,2       ,0      ,-1     ,65536    ,10000  ,65536       ,1.251E+06 ,1.250E+06 ,1.251E+06 ,1.20E+06  ,2.351E+06 ,3.287E+04
memcpy_dev_v32_movsb_v20,rand SPEC2017   ,4       ,0      ,-1     ,65536    ,10000  ,65536       ,1.593E+06 ,1.588E+06 ,1.593E+06 ,1.54E+06  ,2.721E+06 ,3.574E+04
memcpy_dev_v32_movsb_v20,rand SPEC2017   ,8       ,0      ,-1     ,65536    ,10000  ,65536       ,2.019E+06 ,2.007E+06 ,2.018E+06 ,1.95E+06  ,3.193E+06 ,5.707E+04
memcpy_dev_v32_movsb_v20,rand SPEC2017   ,16      ,0      ,-1     ,65536    ,10000  ,65536       ,3.509E+06 ,3.503E+06 ,3.509E+06 ,3.42E+06  ,4.643E+06 ,5.168E+04
memcpy_dev_v32_movsb_v20,rand SPEC2017   ,32      ,0      ,-1     ,65536    ,10000  ,65536       ,6.552E+06 ,6.557E+06 ,6.551E+06 ,6.39E+06  ,9.685E+06 ,1.335E+05
memcpy_dev_v32_movsb_v20,rand SPEC2017   ,64      ,0      ,-1     ,65536    ,10000  ,65536       ,1.369E+07 ,1.369E+07 ,1.369E+07 ,1.34E+07  ,1.955E+07 ,1.953E+05
memcpy_dev_v32_movsb_v20,rand SPEC2017   ,128     ,0      ,-1     ,65536    ,10000  ,65536       ,2.781E+07 ,2.780E+07 ,2.781E+07 ,2.73E+07  ,3.584E+07 ,2.666E+05
memcpy_dev_v32_movsb_v20,rand SPEC2017   ,256     ,0      ,-1     ,65536    ,10000  ,65536       ,5.691E+07 ,5.684E+07 ,5.691E+07 ,5.57E+07  ,6.627E+07 ,4.636E+05
memcpy_dev_v32_movsb_v21,rand SPEC2017   ,1       ,16     ,256    ,32768    ,20000  ,32768       ,3.862E+05 ,3.877E+05 ,3.861E+05 ,3.76E+05  ,1.486E+06 ,1.480E+04
memcpy_dev_v32_movsb_v21,rand SPEC2017   ,1       ,32     ,256    ,16384    ,40000  ,16384       ,1.422E+05 ,1.465E+05 ,1.415E+05 ,1.09E+05  ,1.332E+06 ,1.667E+04
memcpy_dev_v32_movsb_v21,rand SPEC2017   ,1       ,33     ,256    ,8192     ,80000  ,8192        ,6.602E+04 ,6.660E+04 ,6.596E+04 ,6.03E+04  ,1.174E+06 ,7.049E+03
memcpy_dev_v32_movsb_v21,rand SPEC2017   ,1       ,16     ,257    ,32768    ,20000  ,32768       ,3.760E+05 ,3.824E+05 ,3.752E+05 ,3.23E+05  ,1.539E+06 ,2.789E+04
memcpy_dev_v32_movsb_v21,rand SPEC2017   ,1       ,32     ,257    ,16384    ,40000  ,16384       ,1.482E+05 ,1.481E+05 ,1.482E+05 ,1.43E+05  ,1.165E+06 ,9.721E+03
memcpy_dev_v32_movsb_v21,rand SPEC2017   ,1       ,33     ,257    ,8192     ,80000  ,8192        ,6.658E+04 ,6.695E+04 ,6.653E+04 ,6.39E+04  ,1.129E+06 ,6.626E+03
memcpy_dev_v32_movsb_v21,rand SPEC2017   ,1       ,0      ,31     ,16384    ,40000  ,16384       ,2.116E+05 ,2.107E+05 ,2.114E+05 ,1.98E+05  ,1.155E+06 ,1.233E+04
memcpy_dev_v32_movsb_v21,rand SPEC2017   ,1       ,0      ,32     ,32768    ,20000  ,32768       ,4.762E+05 ,4.759E+05 ,4.759E+05 ,4.59E+05  ,1.699E+06 ,2.105E+04
memcpy_dev_v32_movsb_v21,rand SPEC2017   ,1       ,0      ,64     ,32768    ,20000  ,32768       ,4.747E+05 ,4.760E+05 ,4.745E+05 ,4.58E+05  ,1.405E+06 ,1.740E+04
memcpy_dev_v32_movsb_v21,rand SPEC2017   ,1       ,0      ,65     ,32768    ,20000  ,32768       ,4.743E+05 ,4.757E+05 ,4.741E+05 ,4.54E+05  ,1.440E+06 ,1.747E+04
memcpy_dev_v32_movsb_v21,rand SPEC2017   ,1       ,0      ,128    ,32768    ,20000  ,32768       ,4.883E+05 ,4.882E+05 ,4.881E+05 ,4.68E+05  ,1.555E+06 ,2.055E+04
memcpy_dev_v32_movsb_v21,rand SPEC2017   ,1       ,0      ,256    ,32768    ,20000  ,32768       ,5.363E+05 ,5.373E+05 ,5.360E+05 ,5.13E+05  ,1.553E+06 ,2.127E+04
memcpy_dev_v32_movsb_v21,rand SPEC2017   ,1       ,32     ,-1     ,32768    ,20000  ,32768       ,5.793E+05 ,5.815E+05 ,5.791E+05 ,5.57E+05  ,1.544E+06 ,2.228E+04
memcpy_dev_v32_movsb_v21,rand SPEC2017   ,1       ,33     ,-1     ,8192     ,80000  ,8192        ,1.576E+05 ,1.577E+05 ,1.575E+05 ,1.51E+05  ,1.224E+06 ,1.103E+04
memcpy_dev_v32_movsb_v21,rand SPEC2017   ,1       ,64     ,-1     ,8192     ,80000  ,8192        ,1.595E+05 ,1.598E+05 ,1.594E+05 ,1.52E+05  ,1.270E+06 ,1.113E+04
memcpy_dev_v32_movsb_v21,rand SPEC2017   ,1       ,65     ,-1     ,8192     ,80000  ,8192        ,1.637E+05 ,1.635E+05 ,1.636E+05 ,1.54E+05  ,1.364E+06 ,1.102E+04
memcpy_dev_v32_movsb_v21,rand SPEC2017   ,1       ,129    ,-1     ,8192     ,80000  ,8192        ,1.715E+05 ,1.719E+05 ,1.714E+05 ,1.63E+05  ,1.126E+06 ,1.058E+04
memcpy_dev_v32_movsb_v21,rand SPEC2017   ,1       ,257    ,-1     ,4096     ,160000 ,4096        ,9.516E+04 ,9.519E+04 ,9.510E+04 ,9.13E+04  ,1.121E+06 ,7.678E+03
memcpy_dev_v32_movsb_v21,rand SPEC2017   ,1       ,0      ,-1     ,65536    ,10000  ,65536       ,1.401E+06 ,1.403E+06 ,1.401E+06 ,1.34E+06  ,2.630E+06 ,3.917E+04
memcpy_dev_v32_movsb_v21,rand SPEC2017   ,2       ,0      ,-1     ,65536    ,10000  ,65536       ,1.275E+06 ,1.266E+06 ,1.275E+06 ,1.23E+06  ,2.365E+06 ,3.421E+04
memcpy_dev_v32_movsb_v21,rand SPEC2017   ,4       ,0      ,-1     ,65536    ,10000  ,65536       ,1.598E+06 ,1.594E+06 ,1.597E+06 ,1.54E+06  ,3.146E+06 ,4.833E+04
memcpy_dev_v32_movsb_v21,rand SPEC2017   ,8       ,0      ,-1     ,65536    ,10000  ,65536       ,2.033E+06 ,2.034E+06 ,2.032E+06 ,1.99E+06  ,3.252E+06 ,4.882E+04
memcpy_dev_v32_movsb_v21,rand SPEC2017   ,16      ,0      ,-1     ,65536    ,10000  ,65536       ,3.530E+06 ,3.525E+06 ,3.529E+06 ,3.41E+06  ,4.923E+06 ,7.061E+04
memcpy_dev_v32_movsb_v21,rand SPEC2017   ,32      ,0      ,-1     ,65536    ,10000  ,65536       ,6.565E+06 ,6.541E+06 ,6.564E+06 ,6.39E+06  ,7.694E+06 ,7.710E+04
memcpy_dev_v32_movsb_v21,rand SPEC2017   ,64      ,0      ,-1     ,65536    ,10000  ,65536       ,1.385E+07 ,1.383E+07 ,1.385E+07 ,1.35E+07  ,1.855E+07 ,1.329E+05
memcpy_dev_v32_movsb_v21,rand SPEC2017   ,128     ,0      ,-1     ,65536    ,10000  ,65536       ,2.797E+07 ,2.794E+07 ,2.797E+07 ,2.73E+07  ,3.767E+07 ,3.203E+05
memcpy_dev_v32_movsb_v21,rand SPEC2017   ,256     ,0      ,-1     ,65536    ,10000  ,65536       ,5.708E+07 ,5.703E+07 ,5.708E+07 ,5.62E+07  ,6.501E+07 ,3.996E+05
memcpy_dev_v32_movsb_v22,rand SPEC2017   ,1       ,16     ,256    ,32768    ,20000  ,32768       ,3.969E+05 ,3.965E+05 ,3.967E+05 ,3.82E+05  ,1.365E+06 ,1.670E+04
memcpy_dev_v32_movsb_v22,rand SPEC2017   ,1       ,32     ,256    ,16384    ,40000  ,16384       ,1.497E+05 ,1.491E+05 ,1.496E+05 ,1.45E+05  ,1.105E+06 ,9.490E+03
memcpy_dev_v32_movsb_v22,rand SPEC2017   ,1       ,33     ,256    ,8192     ,80000  ,8192        ,6.923E+04 ,7.121E+04 ,6.911E+04 ,6.28E+04  ,1.133E+06 ,7.596E+03
memcpy_dev_v32_movsb_v22,rand SPEC2017   ,1       ,16     ,257    ,32768    ,20000  ,32768       ,3.895E+05 ,3.883E+05 ,3.893E+05 ,3.71E+05  ,1.351E+06 ,1.703E+04
memcpy_dev_v32_movsb_v22,rand SPEC2017   ,1       ,32     ,257    ,16384    ,40000  ,16384       ,1.481E+05 ,1.481E+05 ,1.480E+05 ,1.43E+05  ,1.207E+06 ,9.973E+03
memcpy_dev_v32_movsb_v22,rand SPEC2017   ,1       ,33     ,257    ,8192     ,80000  ,8192        ,6.674E+04 ,6.714E+04 ,6.666E+04 ,6.07E+04  ,1.168E+06 ,7.317E+03
memcpy_dev_v32_movsb_v22,rand SPEC2017   ,1       ,0      ,31     ,16384    ,40000  ,16384       ,1.903E+05 ,1.897E+05 ,1.902E+05 ,1.79E+05  ,1.284E+06 ,1.261E+04
memcpy_dev_v32_movsb_v22,rand SPEC2017   ,1       ,0      ,32     ,32768    ,20000  ,32768       ,4.759E+05 ,4.759E+05 ,4.756E+05 ,4.54E+05  ,1.558E+06 ,2.236E+04
memcpy_dev_v32_movsb_v22,rand SPEC2017   ,1       ,0      ,64     ,32768    ,20000  ,32768       ,4.735E+05 ,4.747E+05 ,4.733E+05 ,4.61E+05  ,1.431E+06 ,1.760E+04
memcpy_dev_v32_movsb_v22,rand SPEC2017   ,1       ,0      ,65     ,32768    ,20000  ,32768       ,4.751E+05 ,4.745E+05 ,4.749E+05 ,4.62E+05  ,1.552E+06 ,1.920E+04
memcpy_dev_v32_movsb_v22,rand SPEC2017   ,1       ,0      ,128    ,32768    ,20000  ,32768       ,4.862E+05 ,4.867E+05 ,4.860E+05 ,4.73E+05  ,1.444E+06 ,2.029E+04
memcpy_dev_v32_movsb_v22,rand SPEC2017   ,1       ,0      ,256    ,32768    ,20000  ,32768       ,5.395E+05 ,5.414E+05 ,5.393E+05 ,5.20E+05  ,1.491E+06 ,1.963E+04
memcpy_dev_v32_movsb_v22,rand SPEC2017   ,1       ,32     ,-1     ,32768    ,20000  ,32768       ,5.790E+05 ,5.800E+05 ,5.788E+05 ,5.59E+05  ,1.646E+06 ,2.262E+04
memcpy_dev_v32_movsb_v22,rand SPEC2017   ,1       ,33     ,-1     ,8192     ,80000  ,8192        ,1.573E+05 ,1.572E+05 ,1.572E+05 ,1.50E+05  ,1.250E+06 ,1.140E+04
memcpy_dev_v32_movsb_v22,rand SPEC2017   ,1       ,64     ,-1     ,8192     ,80000  ,8192        ,1.584E+05 ,1.582E+05 ,1.583E+05 ,1.48E+05  ,1.237E+06 ,1.092E+04
memcpy_dev_v32_movsb_v22,rand SPEC2017   ,1       ,65     ,-1     ,8192     ,80000  ,8192        ,1.608E+05 ,1.604E+05 ,1.607E+05 ,1.52E+05  ,1.258E+06 ,1.041E+04
memcpy_dev_v32_movsb_v22,rand SPEC2017   ,1       ,129    ,-1     ,8192     ,80000  ,8192        ,1.730E+05 ,1.729E+05 ,1.729E+05 ,1.65E+05  ,1.253E+06 ,1.103E+04
memcpy_dev_v32_movsb_v22,rand SPEC2017   ,1       ,257    ,-1     ,4096     ,160000 ,4096        ,9.567E+04 ,9.540E+04 ,9.560E+04 ,9.11E+04  ,1.170E+06 ,7.672E+03
memcpy_dev_v32_movsb_v22,rand SPEC2017   ,1       ,0      ,-1     ,65536    ,10000  ,65536       ,1.405E+06 ,1.410E+06 ,1.404E+06 ,1.37E+06  ,2.382E+06 ,3.328E+04
memcpy_dev_v32_movsb_v22,rand SPEC2017   ,2       ,0      ,-1     ,65536    ,10000  ,65536       ,1.264E+06 ,1.254E+06 ,1.263E+06 ,1.25E+06  ,2.326E+06 ,3.327E+04
memcpy_dev_v32_movsb_v22,rand SPEC2017   ,4       ,0      ,-1     ,65536    ,10000  ,65536       ,1.609E+06 ,1.608E+06 ,1.609E+06 ,1.54E+06  ,2.635E+06 ,3.842E+04
memcpy_dev_v32_movsb_v22,rand SPEC2017   ,8       ,0      ,-1     ,65536    ,10000  ,65536       ,2.036E+06 ,2.036E+06 ,2.035E+06 ,1.95E+06  ,3.157E+06 ,5.753E+04
memcpy_dev_v32_movsb_v22,rand SPEC2017   ,16      ,0      ,-1     ,65536    ,10000  ,65536       ,3.544E+06 ,3.542E+06 ,3.544E+06 ,3.44E+06  ,4.791E+06 ,5.758E+04
memcpy_dev_v32_movsb_v22,rand SPEC2017   ,32      ,0      ,-1     ,65536    ,10000  ,65536       ,6.596E+06 ,6.591E+06 ,6.595E+06 ,6.41E+06  ,9.417E+06 ,1.015E+05
memcpy_dev_v32_movsb_v22,rand SPEC2017   ,64      ,0      ,-1     ,65536    ,10000  ,65536       ,1.372E+07 ,1.371E+07 ,1.372E+07 ,1.34E+07  ,1.801E+07 ,1.444E+05
memcpy_dev_v32_movsb_v22,rand SPEC2017   ,128     ,0      ,-1     ,65536    ,10000  ,65536       ,2.774E+07 ,2.774E+07 ,2.774E+07 ,2.72E+07  ,3.556E+07 ,2.857E+05
memcpy_dev_v32_movsb_v22,rand SPEC2017   ,256     ,0      ,-1     ,65536    ,10000  ,65536       ,5.669E+07 ,5.660E+07 ,5.669E+07 ,5.57E+07  ,6.447E+07 ,5.553E+05
memcpy_glibc_v32_movsb  ,rand SPEC2017   ,1       ,16     ,256    ,32768    ,20000  ,32768       ,4.083E+05 ,4.071E+05 ,4.081E+05 ,3.47E+05  ,1.509E+06 ,1.956E+04
memcpy_glibc_v32_movsb  ,rand SPEC2017   ,1       ,32     ,256    ,16384    ,40000  ,16384       ,1.519E+05 ,1.538E+05 ,1.514E+05 ,1.09E+05  ,1.208E+06 ,1.578E+04
memcpy_glibc_v32_movsb  ,rand SPEC2017   ,1       ,33     ,256    ,8192     ,80000  ,8192        ,6.986E+04 ,6.926E+04 ,6.981E+04 ,6.71E+04  ,1.176E+06 ,6.995E+03
memcpy_glibc_v32_movsb  ,rand SPEC2017   ,1       ,16     ,257    ,32768    ,20000  ,32768       ,4.011E+05 ,4.015E+05 ,4.009E+05 ,3.88E+05  ,1.376E+06 ,1.685E+04
memcpy_glibc_v32_movsb  ,rand SPEC2017   ,1       ,32     ,257    ,16384    ,40000  ,16384       ,1.551E+05 ,1.554E+05 ,1.549E+05 ,1.11E+05  ,1.212E+06 ,1.285E+04
memcpy_glibc_v32_movsb  ,rand SPEC2017   ,1       ,33     ,257    ,8192     ,80000  ,8192        ,7.013E+04 ,7.050E+04 ,7.008E+04 ,6.72E+04  ,1.004E+06 ,6.592E+03
memcpy_glibc_v32_movsb  ,rand SPEC2017   ,1       ,0      ,31     ,16384    ,40000  ,16384       ,2.268E+05 ,2.267E+05 ,2.266E+05 ,2.09E+05  ,1.182E+06 ,1.252E+04
memcpy_glibc_v32_movsb  ,rand SPEC2017   ,1       ,0      ,32     ,32768    ,20000  ,32768       ,4.806E+05 ,4.800E+05 ,4.804E+05 ,4.64E+05  ,1.525E+06 ,2.045E+04
memcpy_glibc_v32_movsb  ,rand SPEC2017   ,1       ,0      ,64     ,32768    ,20000  ,32768       ,4.813E+05 ,4.785E+05 ,4.809E+05 ,4.67E+05  ,1.547E+06 ,2.517E+04
memcpy_glibc_v32_movsb  ,rand SPEC2017   ,1       ,0      ,65     ,32768    ,20000  ,32768       ,4.799E+05 ,4.789E+05 ,4.797E+05 ,4.64E+05  ,1.604E+06 ,1.949E+04
memcpy_glibc_v32_movsb  ,rand SPEC2017   ,1       ,0      ,128    ,32768    ,20000  ,32768       ,4.861E+05 ,4.836E+05 ,4.859E+05 ,4.67E+05  ,1.591E+06 ,2.034E+04
memcpy_glibc_v32_movsb  ,rand SPEC2017   ,1       ,0      ,256    ,32768    ,20000  ,32768       ,5.547E+05 ,5.535E+05 ,5.544E+05 ,5.36E+05  ,1.641E+06 ,2.177E+04
memcpy_glibc_v32_movsb  ,rand SPEC2017   ,1       ,32     ,-1     ,32768    ,20000  ,32768       ,6.096E+05 ,6.080E+05 ,6.093E+05 ,5.80E+05  ,1.864E+06 ,2.251E+04
memcpy_glibc_v32_movsb  ,rand SPEC2017   ,1       ,33     ,-1     ,8192     ,80000  ,8192        ,1.691E+05 ,1.686E+05 ,1.690E+05 ,1.61E+05  ,1.252E+06 ,1.109E+04
memcpy_glibc_v32_movsb  ,rand SPEC2017   ,1       ,64     ,-1     ,8192     ,80000  ,8192        ,1.707E+05 ,1.701E+05 ,1.706E+05 ,1.63E+05  ,1.239E+06 ,1.124E+04
memcpy_glibc_v32_movsb  ,rand SPEC2017   ,1       ,65     ,-1     ,8192     ,80000  ,8192        ,1.726E+05 ,1.722E+05 ,1.725E+05 ,1.65E+05  ,1.151E+06 ,9.736E+03
memcpy_glibc_v32_movsb  ,rand SPEC2017   ,1       ,129    ,-1     ,8192     ,80000  ,8192        ,1.863E+05 ,1.857E+05 ,1.861E+05 ,1.78E+05  ,1.232E+06 ,1.309E+04
memcpy_glibc_v32_movsb  ,rand SPEC2017   ,1       ,257    ,-1     ,4096     ,160000 ,4096        ,9.724E+04 ,9.664E+04 ,9.715E+04 ,9.20E+04  ,1.293E+06 ,8.382E+03
memcpy_glibc_v32_movsb  ,rand SPEC2017   ,1       ,0      ,-1     ,65536    ,10000  ,65536       ,1.445E+06 ,1.449E+06 ,1.445E+06 ,1.40E+06  ,2.510E+06 ,4.013E+04
memcpy_glibc_v32_movsb  ,rand SPEC2017   ,2       ,0      ,-1     ,65536    ,10000  ,65536       ,1.315E+06 ,1.308E+06 ,1.315E+06 ,1.27E+06  ,2.316E+06 ,3.124E+04
memcpy_glibc_v32_movsb  ,rand SPEC2017   ,4       ,0      ,-1     ,65536    ,10000  ,65536       ,1.676E+06 ,1.681E+06 ,1.676E+06 ,1.61E+06  ,2.686E+06 ,3.718E+04
memcpy_glibc_v32_movsb  ,rand SPEC2017   ,8       ,0      ,-1     ,65536    ,10000  ,65536       ,2.088E+06 ,2.093E+06 ,2.088E+06 ,2.04E+06  ,3.170E+06 ,4.278E+04
memcpy_glibc_v32_movsb  ,rand SPEC2017   ,16      ,0      ,-1     ,65536    ,10000  ,65536       ,3.751E+06 ,3.717E+06 ,3.750E+06 ,3.52E+06  ,5.512E+06 ,1.029E+05
memcpy_glibc_v32_movsb  ,rand SPEC2017   ,32      ,0      ,-1     ,65536    ,10000  ,65536       ,6.788E+06 ,6.783E+06 ,6.787E+06 ,6.55E+06  ,8.823E+06 ,8.878E+04
memcpy_glibc_v32_movsb  ,rand SPEC2017   ,64      ,0      ,-1     ,65536    ,10000  ,65536       ,1.387E+07 ,1.387E+07 ,1.387E+07 ,1.35E+07  ,1.745E+07 ,1.425E+05
memcpy_glibc_v32_movsb  ,rand SPEC2017   ,128     ,0      ,-1     ,65536    ,10000  ,65536       ,2.796E+07 ,2.792E+07 ,2.796E+07 ,2.73E+07  ,3.570E+07 ,2.640E+05
memcpy_glibc_v32_movsb  ,rand SPEC2017   ,256     ,0      ,-1     ,65536    ,10000  ,65536       ,5.714E+07 ,5.710E+07 ,5.714E+07 ,5.63E+07  ,6.656E+07 ,4.094E+05
memcpy_dev_v32_movsb_v19,rand SPEC2017   ,1       ,16     ,256    ,32768    ,20000  ,32768       ,3.903E+05 ,3.886E+05 ,3.901E+05 ,3.76E+05  ,1.319E+06 ,1.638E+04
memcpy_dev_v32_movsb_v19,rand SPEC2017   ,1       ,32     ,256    ,16384    ,40000  ,16384       ,1.476E+05 ,1.475E+05 ,1.475E+05 ,1.10E+05  ,1.210E+06 ,1.258E+04
memcpy_dev_v32_movsb_v19,rand SPEC2017   ,1       ,33     ,256    ,8192     ,80000  ,8192        ,6.624E+04 ,6.622E+04 ,6.619E+04 ,5.96E+04  ,1.155E+06 ,6.883E+03
memcpy_dev_v32_movsb_v19,rand SPEC2017   ,1       ,16     ,257    ,32768    ,20000  ,32768       ,3.834E+05 ,3.856E+05 ,3.830E+05 ,3.31E+05  ,1.449E+06 ,2.079E+04
memcpy_dev_v32_movsb_v19,rand SPEC2017   ,1       ,32     ,257    ,16384    ,40000  ,16384       ,1.473E+05 ,1.471E+05 ,1.472E+05 ,1.42E+05  ,1.208E+06 ,1.055E+04
memcpy_dev_v32_movsb_v19,rand SPEC2017   ,1       ,33     ,257    ,8192     ,80000  ,8192        ,6.859E+04 ,6.770E+04 ,6.852E+04 ,6.44E+04  ,1.139E+06 ,7.155E+03
memcpy_dev_v32_movsb_v19,rand SPEC2017   ,1       ,0      ,31     ,16384    ,40000  ,16384       ,1.906E+05 ,1.900E+05 ,1.904E+05 ,1.80E+05  ,1.261E+06 ,1.269E+04
memcpy_dev_v32_movsb_v19,rand SPEC2017   ,1       ,0      ,32     ,32768    ,20000  ,32768       ,4.790E+05 ,4.788E+05 ,4.788E+05 ,4.63E+05  ,1.521E+06 ,1.822E+04
memcpy_dev_v32_movsb_v19,rand SPEC2017   ,1       ,0      ,64     ,32768    ,20000  ,32768       ,4.728E+05 ,4.740E+05 ,4.726E+05 ,4.54E+05  ,1.718E+06 ,2.079E+04
memcpy_dev_v32_movsb_v19,rand SPEC2017   ,1       ,0      ,65     ,32768    ,20000  ,32768       ,4.743E+05 ,4.756E+05 ,4.741E+05 ,4.53E+05  ,1.580E+06 ,1.849E+04
memcpy_dev_v32_movsb_v19,rand SPEC2017   ,1       ,0      ,128    ,32768    ,20000  ,32768       ,4.848E+05 ,4.862E+05 ,4.846E+05 ,4.64E+05  ,1.581E+06 ,2.064E+04
memcpy_dev_v32_movsb_v19,rand SPEC2017   ,1       ,0      ,256    ,32768    ,20000  ,32768       ,5.411E+05 ,5.388E+05 ,5.408E+05 ,5.20E+05  ,1.679E+06 ,2.246E+04
memcpy_dev_v32_movsb_v19,rand SPEC2017   ,1       ,32     ,-1     ,32768    ,20000  ,32768       ,5.870E+05 ,5.867E+05 ,5.867E+05 ,5.59E+05  ,1.628E+06 ,2.269E+04
memcpy_dev_v32_movsb_v19,rand SPEC2017   ,1       ,33     ,-1     ,8192     ,80000  ,8192        ,1.597E+05 ,1.590E+05 ,1.596E+05 ,1.50E+05  ,1.258E+06 ,1.065E+04
memcpy_dev_v32_movsb_v19,rand SPEC2017   ,1       ,64     ,-1     ,8192     ,80000  ,8192        ,1.601E+05 ,1.597E+05 ,1.600E+05 ,1.54E+05  ,1.255E+06 ,1.004E+04
memcpy_dev_v32_movsb_v19,rand SPEC2017   ,1       ,65     ,-1     ,8192     ,80000  ,8192        ,1.615E+05 ,1.609E+05 ,1.614E+05 ,1.52E+05  ,1.234E+06 ,1.023E+04
memcpy_dev_v32_movsb_v19,rand SPEC2017   ,1       ,129    ,-1     ,8192     ,80000  ,8192        ,1.735E+05 ,1.732E+05 ,1.734E+05 ,1.65E+05  ,1.280E+06 ,1.155E+04
memcpy_dev_v32_movsb_v19,rand SPEC2017   ,1       ,257    ,-1     ,4096     ,160000 ,4096        ,9.506E+04 ,9.493E+04 ,9.501E+04 ,9.16E+04  ,1.166E+06 ,7.625E+03
memcpy_dev_v32_movsb_v19,rand SPEC2017   ,1       ,0      ,-1     ,65536    ,10000  ,65536       ,1.409E+06 ,1.414E+06 ,1.409E+06 ,1.35E+06  ,2.535E+06 ,3.374E+04
memcpy_dev_v32_movsb_v19,rand SPEC2017   ,2       ,0      ,-1     ,65536    ,10000  ,65536       ,1.313E+06 ,1.309E+06 ,1.313E+06 ,1.19E+06  ,2.359E+06 ,3.389E+04
memcpy_dev_v32_movsb_v19,rand SPEC2017   ,4       ,0      ,-1     ,65536    ,10000  ,65536       ,1.624E+06 ,1.623E+06 ,1.624E+06 ,1.52E+06  ,2.717E+06 ,3.964E+04
memcpy_dev_v32_movsb_v19,rand SPEC2017   ,8       ,0      ,-1     ,65536    ,10000  ,65536       ,2.043E+06 ,2.045E+06 ,2.043E+06 ,1.96E+06  ,3.191E+06 ,4.074E+04
memcpy_dev_v32_movsb_v19,rand SPEC2017   ,16      ,0      ,-1     ,65536    ,10000  ,65536       ,3.561E+06 ,3.560E+06 ,3.560E+06 ,3.42E+06  ,5.293E+06 ,7.702E+04
memcpy_dev_v32_movsb_v19,rand SPEC2017   ,32      ,0      ,-1     ,65536    ,10000  ,65536       ,6.638E+06 ,6.635E+06 ,6.638E+06 ,6.41E+06  ,8.895E+06 ,9.402E+04
memcpy_dev_v32_movsb_v19,rand SPEC2017   ,64      ,0      ,-1     ,65536    ,10000  ,65536       ,1.371E+07 ,1.370E+07 ,1.371E+07 ,1.34E+07  ,1.786E+07 ,1.588E+05
memcpy_dev_v32_movsb_v19,rand SPEC2017   ,128     ,0      ,-1     ,65536    ,10000  ,65536       ,2.783E+07 ,2.780E+07 ,2.783E+07 ,2.72E+07  ,3.511E+07 ,3.014E+05
memcpy_dev_v32_movsb_v19,rand SPEC2017   ,256     ,0      ,-1     ,65536    ,10000  ,65536       ,5.679E+07 ,5.675E+07 ,5.679E+07 ,5.56E+07  ,6.506E+07 ,4.422E+05
memcpy_dev_v32_movsb_v20,rand SPEC2017   ,1       ,16     ,256    ,32768    ,20000  ,32768       ,3.906E+05 ,3.908E+05 ,3.903E+05 ,3.35E+05  ,1.450E+06 ,2.021E+04
memcpy_dev_v32_movsb_v20,rand SPEC2017   ,1       ,32     ,256    ,16384    ,40000  ,16384       ,1.371E+05 ,1.464E+05 ,1.359E+05 ,1.07E+05  ,1.343E+06 ,1.917E+04
memcpy_dev_v32_movsb_v20,rand SPEC2017   ,1       ,33     ,256    ,8192     ,80000  ,8192        ,6.769E+04 ,6.706E+04 ,6.764E+04 ,6.64E+04  ,1.074E+06 ,6.831E+03
memcpy_dev_v32_movsb_v20,rand SPEC2017   ,1       ,16     ,257    ,32768    ,20000  ,32768       ,3.869E+05 ,3.857E+05 ,3.866E+05 ,3.28E+05  ,1.448E+06 ,1.783E+04
memcpy_dev_v32_movsb_v20,rand SPEC2017   ,1       ,32     ,257    ,16384    ,40000  ,16384       ,1.353E+05 ,1.447E+05 ,1.341E+05 ,1.08E+05  ,1.199E+06 ,1.914E+04
memcpy_dev_v32_movsb_v20,rand SPEC2017   ,1       ,33     ,257    ,8192     ,80000  ,8192        ,6.758E+04 ,6.712E+04 ,6.753E+04 ,6.56E+04  ,9.950E+05 ,6.582E+03
memcpy_dev_v32_movsb_v20,rand SPEC2017   ,1       ,0      ,31     ,16384    ,40000  ,16384       ,2.084E+05 ,2.076E+05 ,2.083E+05 ,1.98E+05  ,1.143E+06 ,1.187E+04
memcpy_dev_v32_movsb_v20,rand SPEC2017   ,1       ,0      ,32     ,32768    ,20000  ,32768       ,4.797E+05 ,4.804E+05 ,4.795E+05 ,4.57E+05  ,1.439E+06 ,1.762E+04
memcpy_dev_v32_movsb_v20,rand SPEC2017   ,1       ,0      ,64     ,32768    ,20000  ,32768       ,4.818E+05 ,4.811E+05 ,4.815E+05 ,4.57E+05  ,1.552E+06 ,2.248E+04
memcpy_dev_v32_movsb_v20,rand SPEC2017   ,1       ,0      ,65     ,32768    ,20000  ,32768       ,4.859E+05 ,4.845E+05 ,4.855E+05 ,4.66E+05  ,1.842E+06 ,2.513E+04
memcpy_dev_v32_movsb_v20,rand SPEC2017   ,1       ,0      ,128    ,32768    ,20000  ,32768       ,4.929E+05 ,4.928E+05 ,4.927E+05 ,4.76E+05  ,1.552E+06 ,1.952E+04
memcpy_dev_v32_movsb_v20,rand SPEC2017   ,1       ,0      ,256    ,32768    ,20000  ,32768       ,5.424E+05 ,5.392E+05 ,5.422E+05 ,5.23E+05  ,1.532E+06 ,1.927E+04
memcpy_dev_v32_movsb_v20,rand SPEC2017   ,1       ,32     ,-1     ,32768    ,20000  ,32768       ,5.873E+05 ,5.879E+05 ,5.871E+05 ,5.68E+05  ,1.809E+06 ,2.336E+04
memcpy_dev_v32_movsb_v20,rand SPEC2017   ,1       ,33     ,-1     ,8192     ,80000  ,8192        ,1.612E+05 ,1.604E+05 ,1.611E+05 ,1.55E+05  ,1.282E+06 ,1.123E+04
memcpy_dev_v32_movsb_v20,rand SPEC2017   ,1       ,64     ,-1     ,8192     ,80000  ,8192        ,1.634E+05 ,1.622E+05 ,1.633E+05 ,1.56E+05  ,1.359E+06 ,1.173E+04
memcpy_dev_v32_movsb_v20,rand SPEC2017   ,1       ,65     ,-1     ,8192     ,80000  ,8192        ,1.647E+05 ,1.640E+05 ,1.646E+05 ,1.53E+05  ,1.339E+06 ,1.048E+04
memcpy_dev_v32_movsb_v20,rand SPEC2017   ,1       ,129    ,-1     ,8192     ,80000  ,8192        ,1.745E+05 ,1.741E+05 ,1.744E+05 ,1.68E+05  ,1.242E+06 ,1.091E+04
memcpy_dev_v32_movsb_v20,rand SPEC2017   ,1       ,257    ,-1     ,4096     ,160000 ,4096        ,9.578E+04 ,9.516E+04 ,9.567E+04 ,8.91E+04  ,1.330E+06 ,8.980E+03
memcpy_dev_v32_movsb_v20,rand SPEC2017   ,1       ,0      ,-1     ,65536    ,10000  ,65536       ,1.413E+06 ,1.413E+06 ,1.412E+06 ,1.38E+06  ,2.511E+06 ,3.363E+04
memcpy_dev_v32_movsb_v20,rand SPEC2017   ,2       ,0      ,-1     ,65536    ,10000  ,65536       ,1.272E+06 ,1.273E+06 ,1.271E+06 ,1.25E+06  ,2.721E+06 ,4.522E+04
memcpy_dev_v32_movsb_v20,rand SPEC2017   ,4       ,0      ,-1     ,65536    ,10000  ,65536       ,1.611E+06 ,1.609E+06 ,1.611E+06 ,1.54E+06  ,3.158E+06 ,5.707E+04
memcpy_dev_v32_movsb_v20,rand SPEC2017   ,8       ,0      ,-1     ,65536    ,10000  ,65536       ,2.034E+06 ,2.036E+06 ,2.033E+06 ,1.96E+06  ,3.684E+06 ,5.905E+04
memcpy_dev_v32_movsb_v20,rand SPEC2017   ,16      ,0      ,-1     ,65536    ,10000  ,65536       ,3.562E+06 ,3.557E+06 ,3.562E+06 ,3.44E+06  ,5.366E+06 ,9.254E+04
memcpy_dev_v32_movsb_v20,rand SPEC2017   ,32      ,0      ,-1     ,65536    ,10000  ,65536       ,6.629E+06 ,6.626E+06 ,6.627E+06 ,6.42E+06  ,9.566E+06 ,1.267E+05
memcpy_dev_v32_movsb_v20,rand SPEC2017   ,64      ,0      ,-1     ,65536    ,10000  ,65536       ,1.374E+07 ,1.373E+07 ,1.374E+07 ,1.34E+07  ,1.910E+07 ,1.993E+05
memcpy_dev_v32_movsb_v20,rand SPEC2017   ,128     ,0      ,-1     ,65536    ,10000  ,65536       ,2.782E+07 ,2.780E+07 ,2.782E+07 ,2.72E+07  ,3.535E+07 ,3.185E+05
memcpy_dev_v32_movsb_v20,rand SPEC2017   ,256     ,0      ,-1     ,65536    ,10000  ,65536       ,5.674E+07 ,5.670E+07 ,5.673E+07 ,5.59E+07  ,6.883E+07 ,4.494E+05
memcpy_dev_v32_movsb_v21,rand SPEC2017   ,1       ,16     ,256    ,32768    ,20000  ,32768       ,3.789E+05 ,3.770E+05 ,3.787E+05 ,3.66E+05  ,1.495E+06 ,1.490E+04
memcpy_dev_v32_movsb_v21,rand SPEC2017   ,1       ,32     ,256    ,16384    ,40000  ,16384       ,1.380E+05 ,1.454E+05 ,1.370E+05 ,1.07E+05  ,1.222E+06 ,1.806E+04
memcpy_dev_v32_movsb_v21,rand SPEC2017   ,1       ,33     ,256    ,8192     ,80000  ,8192        ,6.830E+04 ,6.762E+04 ,6.823E+04 ,6.42E+04  ,1.118E+06 ,7.274E+03
memcpy_dev_v32_movsb_v21,rand SPEC2017   ,1       ,16     ,257    ,32768    ,20000  ,32768       ,3.763E+05 ,3.766E+05 ,3.762E+05 ,3.64E+05  ,1.402E+06 ,1.704E+04
memcpy_dev_v32_movsb_v21,rand SPEC2017   ,1       ,32     ,257    ,16384    ,40000  ,16384       ,1.394E+05 ,1.444E+05 ,1.385E+05 ,1.07E+05  ,1.213E+06 ,1.725E+04
memcpy_dev_v32_movsb_v21,rand SPEC2017   ,1       ,33     ,257    ,8192     ,80000  ,8192        ,6.504E+04 ,6.579E+04 ,6.495E+04 ,5.99E+04  ,1.168E+06 ,7.582E+03
memcpy_dev_v32_movsb_v21,rand SPEC2017   ,1       ,0      ,31     ,16384    ,40000  ,16384       ,2.106E+05 ,2.098E+05 ,2.104E+05 ,1.97E+05  ,1.283E+06 ,1.245E+04
memcpy_dev_v32_movsb_v21,rand SPEC2017   ,1       ,0      ,32     ,32768    ,20000  ,32768       ,4.803E+05 ,4.785E+05 ,4.799E+05 ,4.62E+05  ,1.587E+06 ,2.390E+04
memcpy_dev_v32_movsb_v21,rand SPEC2017   ,1       ,0      ,64     ,32768    ,20000  ,32768       ,4.768E+05 ,4.765E+05 ,4.765E+05 ,4.56E+05  ,1.545E+06 ,2.180E+04
memcpy_dev_v32_movsb_v21,rand SPEC2017   ,1       ,0      ,65     ,32768    ,20000  ,32768       ,4.752E+05 ,4.762E+05 ,4.750E+05 ,4.56E+05  ,1.547E+06 ,2.047E+04
memcpy_dev_v32_movsb_v21,rand SPEC2017   ,1       ,0      ,128    ,32768    ,20000  ,32768       ,4.919E+05 ,4.913E+05 ,4.915E+05 ,4.77E+05  ,1.856E+06 ,2.717E+04
memcpy_dev_v32_movsb_v21,rand SPEC2017   ,1       ,0      ,256    ,32768    ,20000  ,32768       ,5.414E+05 ,5.402E+05 ,5.411E+05 ,5.23E+05  ,1.925E+06 ,2.656E+04
memcpy_dev_v32_movsb_v21,rand SPEC2017   ,1       ,32     ,-1     ,32768    ,20000  ,32768       ,5.801E+05 ,5.812E+05 ,5.798E+05 ,5.63E+05  ,2.007E+06 ,2.906E+04
memcpy_dev_v32_movsb_v21,rand SPEC2017   ,1       ,33     ,-1     ,8192     ,80000  ,8192        ,1.579E+05 ,1.578E+05 ,1.578E+05 ,1.52E+05  ,1.378E+06 ,1.160E+04
memcpy_dev_v32_movsb_v21,rand SPEC2017   ,1       ,64     ,-1     ,8192     ,80000  ,8192        ,1.604E+05 ,1.596E+05 ,1.603E+05 ,1.54E+05  ,1.351E+06 ,1.202E+04
memcpy_dev_v32_movsb_v21,rand SPEC2017   ,1       ,65     ,-1     ,8192     ,80000  ,8192        ,1.629E+05 ,1.629E+05 ,1.628E+05 ,1.57E+05  ,1.398E+06 ,1.279E+04
memcpy_dev_v32_movsb_v21,rand SPEC2017   ,1       ,129    ,-1     ,8192     ,80000  ,8192        ,1.717E+05 ,1.717E+05 ,1.716E+05 ,1.61E+05  ,1.365E+06 ,1.286E+04
memcpy_dev_v32_movsb_v21,rand SPEC2017   ,1       ,257    ,-1     ,4096     ,160000 ,4096        ,9.622E+04 ,9.595E+04 ,9.613E+04 ,9.01E+04  ,1.302E+06 ,9.204E+03
memcpy_dev_v32_movsb_v21,rand SPEC2017   ,1       ,0      ,-1     ,65536    ,10000  ,65536       ,1.410E+06 ,1.410E+06 ,1.409E+06 ,1.34E+06  ,2.533E+06 ,3.297E+04
memcpy_dev_v32_movsb_v21,rand SPEC2017   ,2       ,0      ,-1     ,65536    ,10000  ,65536       ,1.271E+06 ,1.278E+06 ,1.271E+06 ,1.25E+06  ,2.380E+06 ,3.293E+04
memcpy_dev_v32_movsb_v21,rand SPEC2017   ,4       ,0      ,-1     ,65536    ,10000  ,65536       ,1.611E+06 ,1.614E+06 ,1.610E+06 ,1.57E+06  ,2.832E+06 ,3.732E+04
memcpy_dev_v32_movsb_v21,rand SPEC2017   ,8       ,0      ,-1     ,65536    ,10000  ,65536       ,2.052E+06 ,2.056E+06 ,2.052E+06 ,2.01E+06  ,3.160E+06 ,4.030E+04
memcpy_dev_v32_movsb_v21,rand SPEC2017   ,16      ,0      ,-1     ,65536    ,10000  ,65536       ,3.551E+06 ,3.552E+06 ,3.550E+06 ,3.48E+06  ,4.621E+06 ,5.301E+04
memcpy_dev_v32_movsb_v21,rand SPEC2017   ,32      ,0      ,-1     ,65536    ,10000  ,65536       ,6.624E+06 ,6.619E+06 ,6.624E+06 ,6.39E+06  ,8.616E+06 ,9.511E+04
memcpy_dev_v32_movsb_v21,rand SPEC2017   ,64      ,0      ,-1     ,65536    ,10000  ,65536       ,1.372E+07 ,1.371E+07 ,1.372E+07 ,1.33E+07  ,1.726E+07 ,1.433E+05
memcpy_dev_v32_movsb_v21,rand SPEC2017   ,128     ,0      ,-1     ,65536    ,10000  ,65536       ,2.787E+07 ,2.781E+07 ,2.786E+07 ,2.73E+07  ,3.537E+07 ,2.828E+05
memcpy_dev_v32_movsb_v21,rand SPEC2017   ,256     ,0      ,-1     ,65536    ,10000  ,65536       ,5.701E+07 ,5.692E+07 ,5.700E+07 ,5.61E+07  ,6.621E+07 ,4.825E+05
memcpy_dev_v32_movsb_v22,rand SPEC2017   ,1       ,16     ,256    ,32768    ,20000  ,32768       ,3.912E+05 ,3.896E+05 ,3.910E+05 ,3.82E+05  ,1.491E+06 ,1.738E+04
memcpy_dev_v32_movsb_v22,rand SPEC2017   ,1       ,32     ,256    ,16384    ,40000  ,16384       ,1.495E+05 ,1.493E+05 ,1.494E+05 ,1.44E+05  ,1.203E+06 ,9.956E+03
memcpy_dev_v32_movsb_v22,rand SPEC2017   ,1       ,33     ,256    ,8192     ,80000  ,8192        ,6.838E+04 ,6.794E+04 ,6.832E+04 ,6.35E+04  ,1.105E+06 ,7.035E+03
memcpy_dev_v32_movsb_v22,rand SPEC2017   ,1       ,16     ,257    ,32768    ,20000  ,32768       ,3.889E+05 ,3.875E+05 ,3.888E+05 ,3.77E+05  ,1.482E+06 ,1.447E+04
memcpy_dev_v32_movsb_v22,rand SPEC2017   ,1       ,32     ,257    ,16384    ,40000  ,16384       ,1.406E+05 ,1.470E+05 ,1.398E+05 ,1.10E+05  ,1.198E+06 ,1.698E+04
memcpy_dev_v32_movsb_v22,rand SPEC2017   ,1       ,33     ,257    ,8192     ,80000  ,8192        ,7.329E+04 ,7.284E+04 ,7.324E+04 ,7.09E+04  ,1.295E+06 ,7.391E+03
memcpy_dev_v32_movsb_v22,rand SPEC2017   ,1       ,0      ,31     ,16384    ,40000  ,16384       ,1.905E+05 ,1.898E+05 ,1.904E+05 ,1.82E+05  ,1.277E+06 ,1.212E+04
memcpy_dev_v32_movsb_v22,rand SPEC2017   ,1       ,0      ,32     ,32768    ,20000  ,32768       ,4.743E+05 ,4.759E+05 ,4.741E+05 ,4.62E+05  ,1.427E+06 ,1.718E+04
memcpy_dev_v32_movsb_v22,rand SPEC2017   ,1       ,0      ,64     ,32768    ,20000  ,32768       ,4.759E+05 ,4.758E+05 ,4.757E+05 ,4.52E+05  ,1.449E+06 ,1.890E+04
memcpy_dev_v32_movsb_v22,rand SPEC2017   ,1       ,0      ,65     ,32768    ,20000  ,32768       ,4.780E+05 ,4.786E+05 ,4.778E+05 ,4.57E+05  ,1.598E+06 ,2.099E+04
memcpy_dev_v32_movsb_v22,rand SPEC2017   ,1       ,0      ,128    ,32768    ,20000  ,32768       ,4.935E+05 ,4.940E+05 ,4.933E+05 ,4.76E+05  ,1.699E+06 ,2.053E+04
memcpy_dev_v32_movsb_v22,rand SPEC2017   ,1       ,0      ,256    ,32768    ,20000  ,32768       ,5.339E+05 ,5.326E+05 ,5.338E+05 ,5.16E+05  ,1.495E+06 ,1.687E+04
memcpy_dev_v32_movsb_v22,rand SPEC2017   ,1       ,32     ,-1     ,32768    ,20000  ,32768       ,5.821E+05 ,5.829E+05 ,5.819E+05 ,5.66E+05  ,1.571E+06 ,1.981E+04
memcpy_dev_v32_movsb_v22,rand SPEC2017   ,1       ,33     ,-1     ,8192     ,80000  ,8192        ,1.586E+05 ,1.578E+05 ,1.585E+05 ,1.53E+05  ,1.141E+06 ,1.073E+04
memcpy_dev_v32_movsb_v22,rand SPEC2017   ,1       ,64     ,-1     ,8192     ,80000  ,8192        ,1.613E+05 ,1.602E+05 ,1.611E+05 ,1.55E+05  ,1.186E+06 ,1.168E+04
memcpy_dev_v32_movsb_v22,rand SPEC2017   ,1       ,65     ,-1     ,8192     ,80000  ,8192        ,1.619E+05 ,1.609E+05 ,1.618E+05 ,1.56E+05  ,1.258E+06 ,1.122E+04
memcpy_dev_v32_movsb_v22,rand SPEC2017   ,1       ,129    ,-1     ,8192     ,80000  ,8192        ,1.736E+05 ,1.731E+05 ,1.735E+05 ,1.67E+05  ,1.299E+06 ,9.993E+03
memcpy_dev_v32_movsb_v22,rand SPEC2017   ,1       ,257    ,-1     ,4096     ,160000 ,4096        ,9.608E+04 ,9.556E+04 ,9.601E+04 ,9.23E+04  ,1.164E+06 ,8.246E+03
memcpy_dev_v32_movsb_v22,rand SPEC2017   ,1       ,0      ,-1     ,65536    ,10000  ,65536       ,1.437E+06 ,1.431E+06 ,1.437E+06 ,1.36E+06  ,2.660E+06 ,3.818E+04
memcpy_dev_v32_movsb_v22,rand SPEC2017   ,2       ,0      ,-1     ,65536    ,10000  ,65536       ,1.279E+06 ,1.283E+06 ,1.279E+06 ,1.25E+06  ,2.350E+06 ,3.456E+04
memcpy_dev_v32_movsb_v22,rand SPEC2017   ,4       ,0      ,-1     ,65536    ,10000  ,65536       ,1.617E+06 ,1.620E+06 ,1.617E+06 ,1.55E+06  ,2.703E+06 ,3.786E+04
memcpy_dev_v32_movsb_v22,rand SPEC2017   ,8       ,0      ,-1     ,65536    ,10000  ,65536       ,2.046E+06 ,2.049E+06 ,2.045E+06 ,1.96E+06  ,3.271E+06 ,4.866E+04
memcpy_dev_v32_movsb_v22,rand SPEC2017   ,16      ,0      ,-1     ,65536    ,10000  ,65536       ,3.561E+06 ,3.565E+06 ,3.560E+06 ,3.46E+06  ,4.818E+06 ,6.314E+04
memcpy_dev_v32_movsb_v22,rand SPEC2017   ,32      ,0      ,-1     ,65536    ,10000  ,65536       ,6.635E+06 ,6.629E+06 ,6.634E+06 ,6.41E+06  ,8.569E+06 ,9.794E+04
memcpy_dev_v32_movsb_v22,rand SPEC2017   ,64      ,0      ,-1     ,65536    ,10000  ,65536       ,1.373E+07 ,1.372E+07 ,1.373E+07 ,1.33E+07  ,1.843E+07 ,1.582E+05
memcpy_dev_v32_movsb_v22,rand SPEC2017   ,128     ,0      ,-1     ,65536    ,10000  ,65536       ,2.787E+07 ,2.782E+07 ,2.787E+07 ,2.71E+07  ,3.560E+07 ,2.510E+05
memcpy_dev_v32_movsb_v22,rand SPEC2017   ,256     ,0      ,-1     ,65536    ,10000  ,65536       ,5.693E+07 ,5.686E+07 ,5.693E+07 ,5.58E+07  ,6.669E+07 ,4.705E+05
memcpy_glibc_v32_movsb  ,rand SPEC2017   ,1       ,16     ,256    ,32768    ,20000  ,32768       ,4.089E+05 ,4.085E+05 ,4.088E+05 ,3.98E+05  ,1.467E+06 ,1.771E+04
memcpy_glibc_v32_movsb  ,rand SPEC2017   ,1       ,32     ,256    ,16384    ,40000  ,16384       ,1.548E+05 ,1.540E+05 ,1.547E+05 ,1.49E+05  ,1.080E+06 ,9.563E+03
memcpy_glibc_v32_movsb  ,rand SPEC2017   ,1       ,33     ,256    ,8192     ,80000  ,8192        ,7.043E+04 ,7.071E+04 ,7.038E+04 ,6.85E+04  ,1.002E+06 ,6.589E+03
memcpy_glibc_v32_movsb  ,rand SPEC2017   ,1       ,16     ,257    ,32768    ,20000  ,32768       ,4.043E+05 ,4.039E+05 ,4.041E+05 ,3.87E+05  ,1.393E+06 ,1.752E+04
memcpy_glibc_v32_movsb  ,rand SPEC2017   ,1       ,32     ,257    ,16384    ,40000  ,16384       ,1.542E+05 ,1.538E+05 ,1.541E+05 ,1.49E+05  ,1.080E+06 ,9.272E+03
memcpy_glibc_v32_movsb  ,rand SPEC2017   ,1       ,33     ,257    ,8192     ,80000  ,8192        ,6.996E+04 ,7.023E+04 ,6.990E+04 ,6.17E+04  ,1.187E+06 ,7.389E+03
memcpy_glibc_v32_movsb  ,rand SPEC2017   ,1       ,0      ,31     ,16384    ,40000  ,16384       ,2.267E+05 ,2.265E+05 ,2.265E+05 ,2.11E+05  ,1.288E+06 ,1.271E+04
memcpy_glibc_v32_movsb  ,rand SPEC2017   ,1       ,0      ,32     ,32768    ,20000  ,32768       ,4.852E+05 ,4.854E+05 ,4.850E+05 ,4.69E+05  ,1.556E+06 ,2.047E+04
memcpy_glibc_v32_movsb  ,rand SPEC2017   ,1       ,0      ,64     ,32768    ,20000  ,32768       ,4.845E+05 ,4.845E+05 ,4.843E+05 ,4.68E+05  ,1.435E+06 ,1.790E+04
memcpy_glibc_v32_movsb  ,rand SPEC2017   ,1       ,0      ,65     ,32768    ,20000  ,32768       ,4.841E+05 ,4.842E+05 ,4.839E+05 ,4.63E+05  ,1.521E+06 ,2.073E+04
memcpy_glibc_v32_movsb  ,rand SPEC2017   ,1       ,0      ,128    ,32768    ,20000  ,32768       ,4.924E+05 ,4.919E+05 ,4.921E+05 ,4.67E+05  ,1.586E+06 ,2.247E+04
memcpy_glibc_v32_movsb  ,rand SPEC2017   ,1       ,0      ,256    ,32768    ,20000  ,32768       ,5.518E+05 ,5.524E+05 ,5.516E+05 ,5.35E+05  ,1.644E+06 ,2.085E+04
memcpy_glibc_v32_movsb  ,rand SPEC2017   ,1       ,32     ,-1     ,32768    ,20000  ,32768       ,6.084E+05 ,6.077E+05 ,6.083E+05 ,5.89E+05  ,1.557E+06 ,1.941E+04
memcpy_glibc_v32_movsb  ,rand SPEC2017   ,1       ,33     ,-1     ,8192     ,80000  ,8192        ,1.700E+05 ,1.690E+05 ,1.699E+05 ,1.65E+05  ,1.123E+06 ,1.075E+04
memcpy_glibc_v32_movsb  ,rand SPEC2017   ,1       ,64     ,-1     ,8192     ,80000  ,8192        ,1.713E+05 ,1.703E+05 ,1.712E+05 ,1.64E+05  ,1.128E+06 ,1.078E+04
memcpy_glibc_v32_movsb  ,rand SPEC2017   ,1       ,65     ,-1     ,8192     ,80000  ,8192        ,1.736E+05 ,1.725E+05 ,1.735E+05 ,1.63E+05  ,1.233E+06 ,1.111E+04
memcpy_glibc_v32_movsb  ,rand SPEC2017   ,1       ,129    ,-1     ,8192     ,80000  ,8192        ,1.875E+05 ,1.862E+05 ,1.874E+05 ,1.77E+05  ,1.179E+06 ,1.174E+04
memcpy_glibc_v32_movsb  ,rand SPEC2017   ,1       ,257    ,-1     ,4096     ,160000 ,4096        ,9.777E+04 ,9.702E+04 ,9.770E+04 ,9.40E+04  ,1.176E+06 ,8.593E+03
memcpy_glibc_v32_movsb  ,rand SPEC2017   ,1       ,0      ,-1     ,65536    ,10000  ,65536       ,1.453E+06 ,1.451E+06 ,1.453E+06 ,1.39E+06  ,2.574E+06 ,4.320E+04
memcpy_glibc_v32_movsb  ,rand SPEC2017   ,2       ,0      ,-1     ,65536    ,10000  ,65536       ,1.328E+06 ,1.332E+06 ,1.327E+06 ,1.27E+06  ,2.385E+06 ,3.401E+04
memcpy_glibc_v32_movsb  ,rand SPEC2017   ,4       ,0      ,-1     ,65536    ,10000  ,65536       ,1.685E+06 ,1.688E+06 ,1.685E+06 ,1.61E+06  ,2.812E+06 ,3.773E+04
memcpy_glibc_v32_movsb  ,rand SPEC2017   ,8       ,0      ,-1     ,65536    ,10000  ,65536       ,2.094E+06 ,2.096E+06 ,2.094E+06 ,2.04E+06  ,3.145E+06 ,3.991E+04
memcpy_glibc_v32_movsb  ,rand SPEC2017   ,16      ,0      ,-1     ,65536    ,10000  ,65536       ,3.686E+06 ,3.686E+06 ,3.686E+06 ,3.54E+06  ,5.215E+06 ,6.692E+04
memcpy_glibc_v32_movsb  ,rand SPEC2017   ,32      ,0      ,-1     ,65536    ,10000  ,65536       ,6.804E+06 ,6.797E+06 ,6.803E+06 ,6.56E+06  ,9.631E+06 ,9.662E+04
memcpy_glibc_v32_movsb  ,rand SPEC2017   ,64      ,0      ,-1     ,65536    ,10000  ,65536       ,1.386E+07 ,1.384E+07 ,1.386E+07 ,1.35E+07  ,1.795E+07 ,1.425E+05
memcpy_glibc_v32_movsb  ,rand SPEC2017   ,128     ,0      ,-1     ,65536    ,10000  ,65536       ,2.812E+07 ,2.809E+07 ,2.811E+07 ,2.74E+07  ,3.864E+07 ,3.331E+05
memcpy_glibc_v32_movsb  ,rand SPEC2017   ,256     ,0      ,-1     ,65536    ,10000  ,65536       ,5.752E+07 ,5.747E+07 ,5.752E+07 ,5.63E+07  ,7.078E+07 ,5.330E+05
memcpy_dev_v32_movsb_v19,rand SPEC2017   ,1       ,16     ,256    ,32768    ,20000  ,32768       ,3.945E+05 ,3.944E+05 ,3.943E+05 ,3.83E+05  ,1.478E+06 ,1.782E+04
memcpy_dev_v32_movsb_v19,rand SPEC2017   ,1       ,32     ,256    ,16384    ,40000  ,16384       ,1.479E+05 ,1.482E+05 ,1.479E+05 ,1.43E+05  ,1.093E+06 ,9.596E+03
memcpy_dev_v32_movsb_v19,rand SPEC2017   ,1       ,33     ,256    ,8192     ,80000  ,8192        ,6.737E+04 ,6.677E+04 ,6.735E+04 ,6.61E+04  ,9.753E+05 ,4.678E+03
memcpy_dev_v32_movsb_v19,rand SPEC2017   ,1       ,16     ,257    ,32768    ,20000  ,32768       ,3.870E+05 ,3.862E+05 ,3.867E+05 ,3.34E+05  ,1.457E+06 ,2.014E+04
memcpy_dev_v32_movsb_v19,rand SPEC2017   ,1       ,32     ,257    ,16384    ,40000  ,16384       ,1.483E+05 ,1.482E+05 ,1.481E+05 ,1.43E+05  ,1.311E+06 ,1.133E+04
memcpy_dev_v32_movsb_v19,rand SPEC2017   ,1       ,33     ,257    ,8192     ,80000  ,8192        ,6.597E+04 ,6.662E+04 ,6.587E+04 ,6.08E+04  ,1.246E+06 ,8.159E+03
memcpy_dev_v32_movsb_v19,rand SPEC2017   ,1       ,0      ,31     ,16384    ,40000  ,16384       ,1.924E+05 ,1.926E+05 ,1.922E+05 ,1.82E+05  ,1.442E+06 ,1.426E+04
memcpy_dev_v32_movsb_v19,rand SPEC2017   ,1       ,0      ,32     ,32768    ,20000  ,32768       ,4.780E+05 ,4.785E+05 ,4.777E+05 ,4.64E+05  ,1.818E+06 ,2.258E+04
memcpy_dev_v32_movsb_v19,rand SPEC2017   ,1       ,0      ,64     ,32768    ,20000  ,32768       ,4.779E+05 ,4.785E+05 ,4.776E+05 ,4.55E+05  ,1.806E+06 ,2.476E+04
memcpy_dev_v32_movsb_v19,rand SPEC2017   ,1       ,0      ,65     ,32768    ,20000  ,32768       ,4.786E+05 ,4.786E+05 ,4.784E+05 ,4.63E+05  ,1.797E+06 ,2.175E+04
memcpy_dev_v32_movsb_v19,rand SPEC2017   ,1       ,0      ,128    ,32768    ,20000  ,32768       ,4.909E+05 ,4.901E+05 ,4.906E+05 ,4.75E+05  ,1.916E+06 ,2.492E+04
memcpy_dev_v32_movsb_v19,rand SPEC2017   ,1       ,0      ,256    ,32768    ,20000  ,32768       ,5.393E+05 ,5.372E+05 ,5.390E+05 ,5.20E+05  ,1.996E+06 ,2.586E+04
memcpy_dev_v32_movsb_v19,rand SPEC2017   ,1       ,32     ,-1     ,32768    ,20000  ,32768       ,5.847E+05 ,5.842E+05 ,5.843E+05 ,5.67E+05  ,1.920E+06 ,2.906E+04
memcpy_dev_v32_movsb_v19,rand SPEC2017   ,1       ,33     ,-1     ,8192     ,80000  ,8192        ,1.581E+05 ,1.572E+05 ,1.580E+05 ,1.52E+05  ,1.260E+06 ,1.028E+04
memcpy_dev_v32_movsb_v19,rand SPEC2017   ,1       ,64     ,-1     ,8192     ,80000  ,8192        ,1.615E+05 ,1.604E+05 ,1.613E+05 ,1.54E+05  ,1.511E+06 ,1.458E+04
memcpy_dev_v32_movsb_v19,rand SPEC2017   ,1       ,65     ,-1     ,8192     ,80000  ,8192        ,1.627E+05 ,1.617E+05 ,1.626E+05 ,1.58E+05  ,1.332E+06 ,1.304E+04
memcpy_dev_v32_movsb_v19,rand SPEC2017   ,1       ,129    ,-1     ,8192     ,80000  ,8192        ,1.741E+05 ,1.731E+05 ,1.740E+05 ,1.68E+05  ,1.364E+06 ,1.305E+04
memcpy_dev_v32_movsb_v19,rand SPEC2017   ,1       ,257    ,-1     ,4096     ,160000 ,4096        ,9.774E+04 ,9.691E+04 ,9.766E+04 ,9.27E+04  ,1.224E+06 ,8.944E+03
memcpy_dev_v32_movsb_v19,rand SPEC2017   ,1       ,0      ,-1     ,65536    ,10000  ,65536       ,1.415E+06 ,1.412E+06 ,1.415E+06 ,1.37E+06  ,2.842E+06 ,4.665E+04
memcpy_dev_v32_movsb_v19,rand SPEC2017   ,2       ,0      ,-1     ,65536    ,10000  ,65536       ,1.280E+06 ,1.283E+06 ,1.280E+06 ,1.21E+06  ,2.719E+06 ,4.805E+04
memcpy_dev_v32_movsb_v19,rand SPEC2017   ,4       ,0      ,-1     ,65536    ,10000  ,65536       ,1.617E+06 ,1.620E+06 ,1.617E+06 ,1.55E+06  ,3.267E+06 ,4.738E+04
memcpy_dev_v32_movsb_v19,rand SPEC2017   ,8       ,0      ,-1     ,65536    ,10000  ,65536       ,2.045E+06 ,2.050E+06 ,2.044E+06 ,1.98E+06  ,3.809E+06 ,5.597E+04
memcpy_dev_v32_movsb_v19,rand SPEC2017   ,16      ,0      ,-1     ,65536    ,10000  ,65536       ,3.560E+06 ,3.557E+06 ,3.559E+06 ,3.42E+06  ,5.156E+06 ,7.247E+04
memcpy_dev_v32_movsb_v19,rand SPEC2017   ,32      ,0      ,-1     ,65536    ,10000  ,65536       ,6.633E+06 ,6.629E+06 ,6.632E+06 ,6.41E+06  ,9.226E+06 ,9.646E+04
memcpy_dev_v32_movsb_v19,rand SPEC2017   ,64      ,0      ,-1     ,65536    ,10000  ,65536       ,1.376E+07 ,1.375E+07 ,1.376E+07 ,1.34E+07  ,1.863E+07 ,1.584E+05
memcpy_dev_v32_movsb_v19,rand SPEC2017   ,128     ,0      ,-1     ,65536    ,10000  ,65536       ,2.787E+07 ,2.784E+07 ,2.787E+07 ,2.73E+07  ,3.446E+07 ,2.379E+05
memcpy_dev_v32_movsb_v19,rand SPEC2017   ,256     ,0      ,-1     ,65536    ,10000  ,65536       ,5.684E+07 ,5.679E+07 ,5.684E+07 ,5.59E+07  ,6.629E+07 ,4.571E+05
memcpy_dev_v32_movsb_v20,rand SPEC2017   ,1       ,16     ,256    ,32768    ,20000  ,32768       ,3.879E+05 ,3.910E+05 ,3.876E+05 ,3.36E+05  ,1.463E+06 ,1.994E+04
memcpy_dev_v32_movsb_v20,rand SPEC2017   ,1       ,32     ,256    ,16384    ,40000  ,16384       ,1.358E+05 ,1.455E+05 ,1.347E+05 ,1.08E+05  ,1.210E+06 ,1.921E+04
memcpy_dev_v32_movsb_v20,rand SPEC2017   ,1       ,33     ,256    ,8192     ,80000  ,8192        ,6.755E+04 ,6.706E+04 ,6.751E+04 ,6.53E+04  ,9.883E+05 ,6.565E+03
memcpy_dev_v32_movsb_v20,rand SPEC2017   ,1       ,16     ,257    ,32768    ,20000  ,32768       ,3.846E+05 ,3.829E+05 ,3.845E+05 ,3.79E+05  ,1.318E+06 ,1.387E+04
memcpy_dev_v32_movsb_v20,rand SPEC2017   ,1       ,32     ,257    ,16384    ,40000  ,16384       ,1.368E+05 ,1.462E+05 ,1.357E+05 ,1.08E+05  ,1.216E+06 ,1.884E+04
memcpy_dev_v32_movsb_v20,rand SPEC2017   ,1       ,33     ,257    ,8192     ,80000  ,8192        ,6.834E+04 ,6.778E+04 ,6.829E+04 ,6.71E+04  ,9.936E+05 ,6.571E+03
memcpy_dev_v32_movsb_v20,rand SPEC2017   ,1       ,0      ,31     ,16384    ,40000  ,16384       ,2.130E+05 ,2.116E+05 ,2.129E+05 ,2.00E+05  ,1.261E+06 ,1.303E+04
memcpy_dev_v32_movsb_v20,rand SPEC2017   ,1       ,0      ,32     ,32768    ,20000  ,32768       ,4.780E+05 ,4.789E+05 ,4.778E+05 ,4.64E+05  ,1.416E+06 ,1.951E+04
memcpy_dev_v32_movsb_v20,rand SPEC2017   ,1       ,0      ,64     ,32768    ,20000  ,32768       ,4.789E+05 ,4.798E+05 ,4.787E+05 ,4.61E+05  ,1.433E+06 ,1.746E+04
memcpy_dev_v32_movsb_v20,rand SPEC2017   ,1       ,0      ,65     ,32768    ,20000  ,32768       ,4.778E+05 ,4.786E+05 ,4.776E+05 ,4.57E+05  ,1.595E+06 ,2.101E+04
memcpy_dev_v32_movsb_v20,rand SPEC2017   ,1       ,0      ,128    ,32768    ,20000  ,32768       ,4.961E+05 ,4.951E+05 ,4.959E+05 ,4.68E+05  ,1.466E+06 ,2.067E+04
memcpy_dev_v32_movsb_v20,rand SPEC2017   ,1       ,0      ,256    ,32768    ,20000  ,32768       ,5.489E+05 ,5.455E+05 ,5.487E+05 ,5.19E+05  ,1.584E+06 ,2.126E+04
memcpy_dev_v32_movsb_v20,rand SPEC2017   ,1       ,32     ,-1     ,32768    ,20000  ,32768       ,5.842E+05 ,5.855E+05 ,5.839E+05 ,5.69E+05  ,1.919E+06 ,2.679E+04
memcpy_dev_v32_movsb_v20,rand SPEC2017   ,1       ,33     ,-1     ,8192     ,80000  ,8192        ,1.600E+05 ,1.597E+05 ,1.599E+05 ,1.54E+05  ,1.305E+06 ,1.156E+04
memcpy_dev_v32_movsb_v20,rand SPEC2017   ,1       ,64     ,-1     ,8192     ,80000  ,8192        ,1.610E+05 ,1.606E+05 ,1.609E+05 ,1.54E+05  ,1.332E+06 ,1.160E+04
memcpy_dev_v32_movsb_v20,rand SPEC2017   ,1       ,65     ,-1     ,8192     ,80000  ,8192        ,1.643E+05 ,1.637E+05 ,1.642E+05 ,1.56E+05  ,1.370E+06 ,1.336E+04
memcpy_dev_v32_movsb_v20,rand SPEC2017   ,1       ,129    ,-1     ,8192     ,80000  ,8192        ,1.740E+05 ,1.736E+05 ,1.739E+05 ,1.64E+05  ,1.399E+06 ,1.331E+04
memcpy_dev_v32_movsb_v20,rand SPEC2017   ,1       ,257    ,-1     ,4096     ,160000 ,4096        ,9.556E+04 ,9.519E+04 ,9.550E+04 ,9.17E+04  ,1.050E+06 ,7.544E+03
memcpy_dev_v32_movsb_v20,rand SPEC2017   ,1       ,0      ,-1     ,65536    ,10000  ,65536       ,1.416E+06 ,1.414E+06 ,1.416E+06 ,1.38E+06  ,2.397E+06 ,3.155E+04
memcpy_dev_v32_movsb_v20,rand SPEC2017   ,2       ,0      ,-1     ,65536    ,10000  ,65536       ,1.282E+06 ,1.286E+06 ,1.282E+06 ,1.21E+06  ,2.377E+06 ,4.063E+04
memcpy_dev_v32_movsb_v20,rand SPEC2017   ,4       ,0      ,-1     ,65536    ,10000  ,65536       ,1.615E+06 ,1.619E+06 ,1.614E+06 ,1.58E+06  ,2.721E+06 ,4.017E+04
memcpy_dev_v32_movsb_v20,rand SPEC2017   ,8       ,0      ,-1     ,65536    ,10000  ,65536       ,2.037E+06 ,2.042E+06 ,2.037E+06 ,1.96E+06  ,3.074E+06 ,4.091E+04
memcpy_dev_v32_movsb_v20,rand SPEC2017   ,16      ,0      ,-1     ,65536    ,10000  ,65536       ,3.566E+06 ,3.565E+06 ,3.566E+06 ,3.43E+06  ,4.960E+06 ,5.879E+04
memcpy_dev_v32_movsb_v20,rand SPEC2017   ,32      ,0      ,-1     ,65536    ,10000  ,65536       ,6.640E+06 ,6.638E+06 ,6.639E+06 ,6.42E+06  ,9.608E+06 ,1.084E+05
memcpy_dev_v32_movsb_v20,rand SPEC2017   ,64      ,0      ,-1     ,65536    ,10000  ,65536       ,1.377E+07 ,1.376E+07 ,1.377E+07 ,1.33E+07  ,1.957E+07 ,2.077E+05
memcpy_dev_v32_movsb_v20,rand SPEC2017   ,128     ,0      ,-1     ,65536    ,10000  ,65536       ,2.783E+07 ,2.779E+07 ,2.783E+07 ,2.72E+07  ,3.738E+07 ,2.930E+05
memcpy_dev_v32_movsb_v20,rand SPEC2017   ,256     ,0      ,-1     ,65536    ,10000  ,65536       ,5.680E+07 ,5.675E+07 ,5.680E+07 ,5.58E+07  ,6.860E+07 ,4.751E+05
memcpy_dev_v32_movsb_v21,rand SPEC2017   ,1       ,16     ,256    ,32768    ,20000  ,32768       ,3.826E+05 ,3.807E+05 ,3.824E+05 ,3.61E+05  ,1.433E+06 ,1.717E+04
memcpy_dev_v32_movsb_v21,rand SPEC2017   ,1       ,32     ,256    ,16384    ,40000  ,16384       ,1.434E+05 ,1.470E+05 ,1.427E+05 ,1.08E+05  ,1.160E+06 ,1.518E+04
memcpy_dev_v32_movsb_v21,rand SPEC2017   ,1       ,33     ,256    ,8192     ,80000  ,8192        ,6.596E+04 ,6.628E+04 ,6.587E+04 ,5.98E+04  ,1.168E+06 ,7.279E+03
memcpy_dev_v32_movsb_v21,rand SPEC2017   ,1       ,16     ,257    ,32768    ,20000  ,32768       ,3.777E+05 ,3.760E+05 ,3.775E+05 ,3.50E+05  ,1.401E+06 ,1.716E+04
memcpy_dev_v32_movsb_v21,rand SPEC2017   ,1       ,32     ,257    ,16384    ,40000  ,16384       ,1.435E+05 ,1.452E+05 ,1.432E+05 ,1.08E+05  ,1.182E+06 ,1.207E+04
memcpy_dev_v32_movsb_v21,rand SPEC2017   ,1       ,33     ,257    ,8192     ,80000  ,8192        ,6.578E+04 ,6.555E+04 ,6.572E+04 ,6.09E+04  ,1.155E+06 ,7.286E+03
memcpy_dev_v32_movsb_v21,rand SPEC2017   ,1       ,0      ,31     ,16384    ,40000  ,16384       ,2.109E+05 ,2.095E+05 ,2.107E+05 ,1.97E+05  ,1.270E+06 ,1.357E+04
memcpy_dev_v32_movsb_v21,rand SPEC2017   ,1       ,0      ,32     ,32768    ,20000  ,32768       ,4.771E+05 ,4.775E+05 ,4.769E+05 ,4.59E+05  ,1.560E+06 ,2.035E+04
memcpy_dev_v32_movsb_v21,rand SPEC2017   ,1       ,0      ,64     ,32768    ,20000  ,32768       ,4.743E+05 ,4.750E+05 ,4.741E+05 ,4.60E+05  ,1.549E+06 ,1.852E+04
memcpy_dev_v32_movsb_v21,rand SPEC2017   ,1       ,0      ,65     ,32768    ,20000  ,32768       ,4.747E+05 ,4.749E+05 ,4.746E+05 ,4.57E+05  ,1.452E+06 ,1.763E+04
memcpy_dev_v32_movsb_v21,rand SPEC2017   ,1       ,0      ,128    ,32768    ,20000  ,32768       ,4.854E+05 ,4.830E+05 ,4.852E+05 ,4.67E+05  ,1.589E+06 ,2.014E+04
memcpy_dev_v32_movsb_v21,rand SPEC2017   ,1       ,0      ,256    ,32768    ,20000  ,32768       ,5.365E+05 ,5.388E+05 ,5.363E+05 ,5.13E+05  ,1.645E+06 ,2.083E+04
memcpy_dev_v32_movsb_v21,rand SPEC2017   ,1       ,32     ,-1     ,32768    ,20000  ,32768       ,5.829E+05 ,5.826E+05 ,5.826E+05 ,5.56E+05  ,1.675E+06 ,2.430E+04
memcpy_dev_v32_movsb_v21,rand SPEC2017   ,1       ,33     ,-1     ,8192     ,80000  ,8192        ,1.569E+05 ,1.569E+05 ,1.568E+05 ,1.51E+05  ,1.518E+06 ,1.177E+04
memcpy_dev_v32_movsb_v21,rand SPEC2017   ,1       ,64     ,-1     ,8192     ,80000  ,8192        ,1.595E+05 ,1.598E+05 ,1.594E+05 ,1.54E+05  ,1.307E+06 ,1.131E+04
memcpy_dev_v32_movsb_v21,rand SPEC2017   ,1       ,65     ,-1     ,8192     ,80000  ,8192        ,1.630E+05 ,1.631E+05 ,1.628E+05 ,1.58E+05  ,1.364E+06 ,1.299E+04
memcpy_dev_v32_movsb_v21,rand SPEC2017   ,1       ,129    ,-1     ,8192     ,80000  ,8192        ,1.718E+05 ,1.718E+05 ,1.716E+05 ,1.64E+05  ,1.445E+06 ,1.380E+04
memcpy_dev_v32_movsb_v21,rand SPEC2017   ,1       ,257    ,-1     ,4096     ,160000 ,4096        ,9.549E+04 ,9.545E+04 ,9.541E+04 ,8.90E+04  ,1.228E+06 ,8.925E+03
memcpy_dev_v32_movsb_v21,rand SPEC2017   ,1       ,0      ,-1     ,65536    ,10000  ,65536       ,1.399E+06 ,1.401E+06 ,1.398E+06 ,1.37E+06  ,2.412E+06 ,3.262E+04
memcpy_dev_v32_movsb_v21,rand SPEC2017   ,2       ,0      ,-1     ,65536    ,10000  ,65536       ,1.262E+06 ,1.253E+06 ,1.262E+06 ,1.24E+06  ,2.364E+06 ,3.102E+04
memcpy_dev_v32_movsb_v21,rand SPEC2017   ,4       ,0      ,-1     ,65536    ,10000  ,65536       ,1.603E+06 ,1.607E+06 ,1.603E+06 ,1.54E+06  ,2.759E+06 ,3.867E+04
memcpy_dev_v32_movsb_v21,rand SPEC2017   ,8       ,0      ,-1     ,65536    ,10000  ,65536       ,2.038E+06 ,2.041E+06 ,2.037E+06 ,1.95E+06  ,3.216E+06 ,4.724E+04
memcpy_dev_v32_movsb_v21,rand SPEC2017   ,16      ,0      ,-1     ,65536    ,10000  ,65536       ,3.543E+06 ,3.541E+06 ,3.543E+06 ,3.49E+06  ,4.724E+06 ,5.397E+04
memcpy_dev_v32_movsb_v21,rand SPEC2017   ,32      ,0      ,-1     ,65536    ,10000  ,65536       ,6.593E+06 ,6.594E+06 ,6.593E+06 ,6.39E+06  ,8.046E+06 ,7.915E+04
memcpy_dev_v32_movsb_v21,rand SPEC2017   ,64      ,0      ,-1     ,65536    ,10000  ,65536       ,1.374E+07 ,1.373E+07 ,1.374E+07 ,1.33E+07  ,1.743E+07 ,1.658E+05
memcpy_dev_v32_movsb_v21,rand SPEC2017   ,128     ,0      ,-1     ,65536    ,10000  ,65536       ,2.777E+07 ,2.775E+07 ,2.776E+07 ,2.72E+07  ,3.566E+07 ,2.880E+05
memcpy_dev_v32_movsb_v21,rand SPEC2017   ,256     ,0      ,-1     ,65536    ,10000  ,65536       ,5.698E+07 ,5.694E+07 ,5.698E+07 ,5.57E+07  ,6.581E+07 ,4.353E+05
memcpy_dev_v32_movsb_v22,rand SPEC2017   ,1       ,16     ,256    ,32768    ,20000  ,32768       ,3.874E+05 ,3.858E+05 ,3.873E+05 ,3.70E+05  ,1.322E+06 ,1.681E+04
memcpy_dev_v32_movsb_v22,rand SPEC2017   ,1       ,32     ,256    ,16384    ,40000  ,16384       ,1.461E+05 ,1.483E+05 ,1.456E+05 ,1.09E+05  ,1.241E+06 ,1.449E+04
memcpy_dev_v32_movsb_v22,rand SPEC2017   ,1       ,33     ,256    ,8192     ,80000  ,8192        ,6.976E+04 ,6.998E+04 ,6.968E+04 ,6.18E+04  ,1.141E+06 ,7.541E+03
memcpy_dev_v32_movsb_v22,rand SPEC2017   ,1       ,16     ,257    ,32768    ,20000  ,32768       ,3.793E+05 ,3.826E+05 ,3.789E+05 ,3.31E+05  ,1.424E+06 ,2.217E+04
memcpy_dev_v32_movsb_v22,rand SPEC2017   ,1       ,32     ,257    ,16384    ,40000  ,16384       ,1.482E+05 ,1.481E+05 ,1.481E+05 ,1.44E+05  ,1.172E+06 ,9.863E+03
memcpy_dev_v32_movsb_v22,rand SPEC2017   ,1       ,33     ,257    ,8192     ,80000  ,8192        ,6.771E+04 ,6.736E+04 ,6.767E+04 ,6.55E+04  ,9.858E+05 ,6.573E+03
memcpy_dev_v32_movsb_v22,rand SPEC2017   ,1       ,0      ,31     ,16384    ,40000  ,16384       ,1.897E+05 ,1.894E+05 ,1.896E+05 ,1.82E+05  ,1.150E+06 ,9.824E+03
memcpy_dev_v32_movsb_v22,rand SPEC2017   ,1       ,0      ,32     ,32768    ,20000  ,32768       ,4.774E+05 ,4.782E+05 ,4.772E+05 ,4.62E+05  ,1.564E+06 ,1.878E+04
memcpy_dev_v32_movsb_v22,rand SPEC2017   ,1       ,0      ,64     ,32768    ,20000  ,32768       ,4.733E+05 ,4.743E+05 ,4.730E+05 ,4.56E+05  ,1.625E+06 ,2.116E+04
memcpy_dev_v32_movsb_v22,rand SPEC2017   ,1       ,0      ,65     ,32768    ,20000  ,32768       ,4.802E+05 ,4.786E+05 ,4.800E+05 ,4.62E+05  ,1.539E+06 ,2.079E+04
memcpy_dev_v32_movsb_v22,rand SPEC2017   ,1       ,0      ,128    ,32768    ,20000  ,32768       ,4.870E+05 ,4.876E+05 ,4.867E+05 ,4.66E+05  ,1.536E+06 ,1.963E+04
memcpy_dev_v32_movsb_v22,rand SPEC2017   ,1       ,0      ,256    ,32768    ,20000  ,32768       ,5.347E+05 ,5.345E+05 ,5.345E+05 ,5.15E+05  ,1.639E+06 ,1.990E+04
memcpy_dev_v32_movsb_v22,rand SPEC2017   ,1       ,32     ,-1     ,32768    ,20000  ,32768       ,5.800E+05 ,5.820E+05 ,5.798E+05 ,5.66E+05  ,1.646E+06 ,2.243E+04
memcpy_dev_v32_movsb_v22,rand SPEC2017   ,1       ,33     ,-1     ,8192     ,80000  ,8192        ,1.585E+05 ,1.579E+05 ,1.583E+05 ,1.51E+05  ,1.368E+06 ,1.179E+04
memcpy_dev_v32_movsb_v22,rand SPEC2017   ,1       ,64     ,-1     ,8192     ,80000  ,8192        ,1.602E+05 ,1.594E+05 ,1.601E+05 ,1.50E+05  ,1.248E+06 ,1.006E+04
memcpy_dev_v32_movsb_v22,rand SPEC2017   ,1       ,65     ,-1     ,8192     ,80000  ,8192        ,1.618E+05 ,1.614E+05 ,1.618E+05 ,1.56E+05  ,1.242E+06 ,1.085E+04
memcpy_dev_v32_movsb_v22,rand SPEC2017   ,1       ,129    ,-1     ,8192     ,80000  ,8192        ,1.731E+05 ,1.730E+05 ,1.730E+05 ,1.65E+05  ,1.366E+06 ,1.185E+04
memcpy_dev_v32_movsb_v22,rand SPEC2017   ,1       ,257    ,-1     ,4096     ,160000 ,4096        ,9.573E+04 ,9.536E+04 ,9.567E+04 ,9.20E+04  ,1.188E+06 ,7.564E+03
memcpy_dev_v32_movsb_v22,rand SPEC2017   ,1       ,0      ,-1     ,65536    ,10000  ,65536       ,1.417E+06 ,1.418E+06 ,1.417E+06 ,1.35E+06  ,2.619E+06 ,3.796E+04
memcpy_dev_v32_movsb_v22,rand SPEC2017   ,2       ,0      ,-1     ,65536    ,10000  ,65536       ,1.275E+06 ,1.281E+06 ,1.275E+06 ,1.25E+06  ,2.358E+06 ,3.389E+04
memcpy_dev_v32_movsb_v22,rand SPEC2017   ,4       ,0      ,-1     ,65536    ,10000  ,65536       ,1.612E+06 ,1.618E+06 ,1.612E+06 ,1.57E+06  ,2.675E+06 ,3.522E+04
memcpy_dev_v32_movsb_v22,rand SPEC2017   ,8       ,0      ,-1     ,65536    ,10000  ,65536       ,2.038E+06 ,2.044E+06 ,2.038E+06 ,2.00E+06  ,3.164E+06 ,4.082E+04
memcpy_dev_v32_movsb_v22,rand SPEC2017   ,16      ,0      ,-1     ,65536    ,10000  ,65536       ,3.555E+06 ,3.553E+06 ,3.555E+06 ,3.49E+06  ,4.765E+06 ,5.507E+04
memcpy_dev_v32_movsb_v22,rand SPEC2017   ,32      ,0      ,-1     ,65536    ,10000  ,65536       ,6.629E+06 ,6.625E+06 ,6.628E+06 ,6.39E+06  ,9.395E+06 ,1.057E+05
memcpy_dev_v32_movsb_v22,rand SPEC2017   ,64      ,0      ,-1     ,65536    ,10000  ,65536       ,1.372E+07 ,1.371E+07 ,1.372E+07 ,1.33E+07  ,1.915E+07 ,1.632E+05
memcpy_dev_v32_movsb_v22,rand SPEC2017   ,128     ,0      ,-1     ,65536    ,10000  ,65536       ,2.786E+07 ,2.781E+07 ,2.786E+07 ,2.73E+07  ,3.555E+07 ,2.643E+05
memcpy_dev_v32_movsb_v22,rand SPEC2017   ,256     ,0      ,-1     ,65536    ,10000  ,65536       ,5.691E+07 ,5.686E+07 ,5.691E+07 ,5.57E+07  ,6.924E+07 ,4.336E+05
memcpy_glibc_v32_movsb  ,rand SPEC2017   ,1       ,16     ,256    ,32768    ,20000  ,32768       ,4.064E+05 ,4.046E+05 ,4.062E+05 ,3.90E+05  ,1.458E+06 ,1.717E+04
memcpy_glibc_v32_movsb  ,rand SPEC2017   ,1       ,32     ,256    ,16384    ,40000  ,16384       ,1.554E+05 ,1.544E+05 ,1.553E+05 ,1.50E+05  ,1.240E+06 ,1.002E+04
memcpy_glibc_v32_movsb  ,rand SPEC2017   ,1       ,33     ,256    ,8192     ,80000  ,8192        ,6.822E+04 ,6.912E+04 ,6.811E+04 ,6.11E+04  ,1.154E+06 ,7.851E+03
memcpy_glibc_v32_movsb  ,rand SPEC2017   ,1       ,16     ,257    ,32768    ,20000  ,32768       ,4.055E+05 ,4.051E+05 ,4.053E+05 ,3.89E+05  ,1.487E+06 ,1.761E+04
memcpy_glibc_v32_movsb  ,rand SPEC2017   ,1       ,32     ,257    ,16384    ,40000  ,16384       ,1.547E+05 ,1.538E+05 ,1.546E+05 ,1.47E+05  ,1.147E+06 ,9.796E+03
memcpy_glibc_v32_movsb  ,rand SPEC2017   ,1       ,33     ,257    ,8192     ,80000  ,8192        ,7.013E+04 ,7.043E+04 ,7.008E+04 ,6.83E+04  ,1.021E+06 ,6.696E+03
memcpy_glibc_v32_movsb  ,rand SPEC2017   ,1       ,0      ,31     ,16384    ,40000  ,16384       ,2.258E+05 ,2.255E+05 ,2.256E+05 ,2.11E+05  ,1.315E+06 ,1.318E+04
memcpy_glibc_v32_movsb  ,rand SPEC2017   ,1       ,0      ,32     ,32768    ,20000  ,32768       ,4.822E+05 ,4.824E+05 ,4.820E+05 ,4.58E+05  ,1.571E+06 ,2.081E+04
memcpy_glibc_v32_movsb  ,rand SPEC2017   ,1       ,0      ,64     ,32768    ,20000  ,32768       ,4.821E+05 ,4.824E+05 ,4.819E+05 ,4.59E+05  ,1.559E+06 ,1.855E+04
memcpy_glibc_v32_movsb  ,rand SPEC2017   ,1       ,0      ,65     ,32768    ,20000  ,32768       ,4.804E+05 ,4.802E+05 ,4.802E+05 ,4.65E+05  ,1.633E+06 ,1.872E+04
memcpy_glibc_v32_movsb  ,rand SPEC2017   ,1       ,0      ,128    ,32768    ,20000  ,32768       ,4.902E+05 ,4.903E+05 ,4.900E+05 ,4.66E+05  ,1.566E+06 ,2.227E+04
memcpy_glibc_v32_movsb  ,rand SPEC2017   ,1       ,0      ,256    ,32768    ,20000  ,32768       ,5.526E+05 ,5.525E+05 ,5.524E+05 ,5.26E+05  ,1.550E+06 ,1.964E+04
memcpy_glibc_v32_movsb  ,rand SPEC2017   ,1       ,32     ,-1     ,32768    ,20000  ,32768       ,6.011E+05 ,6.020E+05 ,6.009E+05 ,5.75E+05  ,1.581E+06 ,2.203E+04
memcpy_glibc_v32_movsb  ,rand SPEC2017   ,1       ,33     ,-1     ,8192     ,80000  ,8192        ,1.690E+05 ,1.681E+05 ,1.689E+05 ,1.62E+05  ,1.106E+06 ,1.070E+04
memcpy_glibc_v32_movsb  ,rand SPEC2017   ,1       ,64     ,-1     ,8192     ,80000  ,8192        ,1.706E+05 ,1.698E+05 ,1.705E+05 ,1.58E+05  ,1.119E+06 ,1.077E+04
memcpy_glibc_v32_movsb  ,rand SPEC2017   ,1       ,65     ,-1     ,8192     ,80000  ,8192        ,1.743E+05 ,1.727E+05 ,1.741E+05 ,1.65E+05  ,1.260E+06 ,1.302E+04
memcpy_glibc_v32_movsb  ,rand SPEC2017   ,1       ,129    ,-1     ,8192     ,80000  ,8192        ,1.866E+05 ,1.861E+05 ,1.865E+05 ,1.75E+05  ,1.169E+06 ,1.061E+04
memcpy_glibc_v32_movsb  ,rand SPEC2017   ,1       ,257    ,-1     ,4096     ,160000 ,4096        ,9.708E+04 ,9.656E+04 ,9.702E+04 ,9.34E+04  ,1.174E+06 ,7.550E+03
memcpy_glibc_v32_movsb  ,rand SPEC2017   ,1       ,0      ,-1     ,65536    ,10000  ,65536       ,1.441E+06 ,1.446E+06 ,1.440E+06 ,1.39E+06  ,2.445E+06 ,3.447E+04
memcpy_glibc_v32_movsb  ,rand SPEC2017   ,2       ,0      ,-1     ,65536    ,10000  ,65536       ,1.321E+06 ,1.326E+06 ,1.321E+06 ,1.27E+06  ,2.423E+06 ,3.120E+04
memcpy_glibc_v32_movsb  ,rand SPEC2017   ,4       ,0      ,-1     ,65536    ,10000  ,65536       ,1.675E+06 ,1.679E+06 ,1.675E+06 ,1.61E+06  ,2.798E+06 ,3.867E+04
memcpy_glibc_v32_movsb  ,rand SPEC2017   ,8       ,0      ,-1     ,65536    ,10000  ,65536       ,2.085E+06 ,2.089E+06 ,2.084E+06 ,2.04E+06  ,3.180E+06 ,4.308E+04
memcpy_glibc_v32_movsb  ,rand SPEC2017   ,16      ,0      ,-1     ,65536    ,10000  ,65536       ,3.682E+06 ,3.678E+06 ,3.682E+06 ,3.54E+06  ,5.123E+06 ,7.197E+04
memcpy_glibc_v32_movsb  ,rand SPEC2017   ,32      ,0      ,-1     ,65536    ,10000  ,65536       ,6.801E+06 ,6.795E+06 ,6.800E+06 ,6.54E+06  ,8.789E+06 ,9.517E+04
memcpy_glibc_v32_movsb  ,rand SPEC2017   ,64      ,0      ,-1     ,65536    ,10000  ,65536       ,1.388E+07 ,1.387E+07 ,1.388E+07 ,1.35E+07  ,1.754E+07 ,1.437E+05
memcpy_glibc_v32_movsb  ,rand SPEC2017   ,128     ,0      ,-1     ,65536    ,10000  ,65536       ,2.808E+07 ,2.805E+07 ,2.808E+07 ,2.74E+07  ,3.736E+07 ,2.989E+05
memcpy_glibc_v32_movsb  ,rand SPEC2017   ,256     ,0      ,-1     ,65536    ,10000  ,65536       ,5.746E+07 ,5.741E+07 ,5.746E+07 ,5.63E+07  ,6.712E+07 ,4.698E+05
memcpy_dev_v32_movsb_v19,rand SPEC2017   ,1       ,16     ,256    ,32768    ,20000  ,32768       ,3.919E+05 ,3.904E+05 ,3.917E+05 ,3.76E+05  ,1.464E+06 ,1.802E+04
memcpy_dev_v32_movsb_v19,rand SPEC2017   ,1       ,32     ,256    ,16384    ,40000  ,16384       ,1.478E+05 ,1.477E+05 ,1.478E+05 ,1.43E+05  ,1.216E+06 ,9.909E+03
memcpy_dev_v32_movsb_v19,rand SPEC2017   ,1       ,33     ,256    ,8192     ,80000  ,8192        ,6.760E+04 ,6.720E+04 ,6.755E+04 ,6.65E+04  ,1.028E+06 ,6.676E+03
memcpy_dev_v32_movsb_v19,rand SPEC2017   ,1       ,16     ,257    ,32768    ,20000  ,32768       ,3.896E+05 ,3.878E+05 ,3.893E+05 ,3.65E+05  ,1.445E+06 ,1.991E+04
memcpy_dev_v32_movsb_v19,rand SPEC2017   ,1       ,32     ,257    ,16384    ,40000  ,16384       ,1.447E+05 ,1.480E+05 ,1.441E+05 ,1.09E+05  ,1.418E+06 ,1.542E+04
memcpy_dev_v32_movsb_v19,rand SPEC2017   ,1       ,33     ,257    ,8192     ,80000  ,8192        ,6.563E+04 ,6.613E+04 ,6.553E+04 ,5.93E+04  ,1.156E+06 ,7.593E+03
memcpy_dev_v32_movsb_v19,rand SPEC2017   ,1       ,0      ,31     ,16384    ,40000  ,16384       ,1.891E+05 ,1.885E+05 ,1.890E+05 ,1.80E+05  ,1.157E+06 ,1.206E+04
memcpy_dev_v32_movsb_v19,rand SPEC2017   ,1       ,0      ,32     ,32768    ,20000  ,32768       ,4.764E+05 ,4.772E+05 ,4.763E+05 ,4.62E+05  ,1.474E+06 ,1.749E+04
memcpy_dev_v32_movsb_v19,rand SPEC2017   ,1       ,0      ,64     ,32768    ,20000  ,32768       ,4.761E+05 ,4.772E+05 ,4.759E+05 ,4.56E+05  ,1.550E+06 ,2.006E+04
memcpy_dev_v32_movsb_v19,rand SPEC2017   ,1       ,0      ,65     ,32768    ,20000  ,32768       ,4.769E+05 ,4.774E+05 ,4.767E+05 ,4.62E+05  ,1.485E+06 ,1.714E+04
memcpy_dev_v32_movsb_v19,rand SPEC2017   ,1       ,0      ,128    ,32768    ,20000  ,32768       ,4.949E+05 ,4.944E+05 ,4.946E+05 ,4.74E+05  ,1.706E+06 ,2.403E+04
memcpy_dev_v32_movsb_v19,rand SPEC2017   ,1       ,0      ,256    ,32768    ,20000  ,32768       ,5.446E+05 ,5.457E+05 ,5.444E+05 ,5.19E+05  ,1.620E+06 ,2.040E+04
memcpy_dev_v32_movsb_v19,rand SPEC2017   ,1       ,32     ,-1     ,32768    ,20000  ,32768       ,5.842E+05 ,5.836E+05 ,5.840E+05 ,5.68E+05  ,1.712E+06 ,1.965E+04
memcpy_dev_v32_movsb_v19,rand SPEC2017   ,1       ,33     ,-1     ,8192     ,80000  ,8192        ,1.584E+05 ,1.573E+05 ,1.583E+05 ,1.46E+05  ,1.249E+06 ,1.112E+04
memcpy_dev_v32_movsb_v19,rand SPEC2017   ,1       ,64     ,-1     ,8192     ,80000  ,8192        ,1.617E+05 ,1.611E+05 ,1.616E+05 ,1.54E+05  ,1.229E+06 ,1.111E+04
memcpy_dev_v32_movsb_v19,rand SPEC2017   ,1       ,65     ,-1     ,8192     ,80000  ,8192        ,1.638E+05 ,1.627E+05 ,1.637E+05 ,1.55E+05  ,1.196E+06 ,1.140E+04
memcpy_dev_v32_movsb_v19,rand SPEC2017   ,1       ,129    ,-1     ,8192     ,80000  ,8192        ,1.736E+05 ,1.731E+05 ,1.735E+05 ,1.63E+05  ,1.151E+06 ,1.072E+04
memcpy_dev_v32_movsb_v19,rand SPEC2017   ,1       ,257    ,-1     ,4096     ,160000 ,4096        ,9.748E+04 ,9.666E+04 ,9.741E+04 ,9.13E+04  ,1.189E+06 ,8.439E+03
memcpy_dev_v32_movsb_v19,rand SPEC2017   ,1       ,0      ,-1     ,65536    ,10000  ,65536       ,1.421E+06 ,1.419E+06 ,1.420E+06 ,1.36E+06  ,2.525E+06 ,4.484E+04
memcpy_dev_v32_movsb_v19,rand SPEC2017   ,2       ,0      ,-1     ,65536    ,10000  ,65536       ,1.281E+06 ,1.286E+06 ,1.281E+06 ,1.23E+06  ,2.422E+06 ,3.183E+04
memcpy_dev_v32_movsb_v19,rand SPEC2017   ,4       ,0      ,-1     ,65536    ,10000  ,65536       ,1.621E+06 ,1.622E+06 ,1.621E+06 ,1.53E+06  ,2.710E+06 ,4.586E+04
memcpy_dev_v32_movsb_v19,rand SPEC2017   ,8       ,0      ,-1     ,65536    ,10000  ,65536       ,2.046E+06 ,2.049E+06 ,2.045E+06 ,1.95E+06  ,3.290E+06 ,4.793E+04
memcpy_dev_v32_movsb_v19,rand SPEC2017   ,16      ,0      ,-1     ,65536    ,10000  ,65536       ,3.554E+06 ,3.553E+06 ,3.554E+06 ,3.48E+06  ,4.672E+06 ,5.569E+04
memcpy_dev_v32_movsb_v19,rand SPEC2017   ,32      ,0      ,-1     ,65536    ,10000  ,65536       ,6.628E+06 ,6.624E+06 ,6.627E+06 ,6.41E+06  ,8.555E+06 ,9.107E+04
memcpy_dev_v32_movsb_v19,rand SPEC2017   ,64      ,0      ,-1     ,65536    ,10000  ,65536       ,1.373E+07 ,1.373E+07 ,1.373E+07 ,1.34E+07  ,1.832E+07 ,1.425E+05
memcpy_dev_v32_movsb_v19,rand SPEC2017   ,128     ,0      ,-1     ,65536    ,10000  ,65536       ,2.792E+07 ,2.788E+07 ,2.792E+07 ,2.73E+07  ,3.644E+07 ,3.058E+05
memcpy_dev_v32_movsb_v19,rand SPEC2017   ,256     ,0      ,-1     ,65536    ,10000  ,65536       ,5.695E+07 ,5.688E+07 ,5.695E+07 ,5.59E+07  ,7.094E+07 ,5.034E+05
memcpy_dev_v32_movsb_v20,rand SPEC2017   ,1       ,16     ,256    ,32768    ,20000  ,32768       ,3.934E+05 ,3.936E+05 ,3.932E+05 ,3.82E+05  ,1.489E+06 ,1.861E+04
memcpy_dev_v32_movsb_v20,rand SPEC2017   ,1       ,32     ,256    ,16384    ,40000  ,16384       ,1.468E+05 ,1.467E+05 ,1.467E+05 ,1.34E+05  ,1.077E+06 ,9.466E+03
memcpy_dev_v32_movsb_v20,rand SPEC2017   ,1       ,33     ,256    ,8192     ,80000  ,8192        ,6.827E+04 ,6.870E+04 ,6.822E+04 ,6.01E+04  ,9.937E+05 ,6.666E+03
memcpy_dev_v32_movsb_v20,rand SPEC2017   ,1       ,16     ,257    ,32768    ,20000  ,32768       ,3.845E+05 ,3.882E+05 ,3.840E+05 ,3.36E+05  ,1.478E+06 ,2.269E+04
memcpy_dev_v32_movsb_v20,rand SPEC2017   ,1       ,32     ,257    ,16384    ,40000  ,16384       ,1.472E+05 ,1.474E+05 ,1.471E+05 ,1.42E+05  ,1.206E+06 ,9.858E+03
memcpy_dev_v32_movsb_v20,rand SPEC2017   ,1       ,33     ,257    ,8192     ,80000  ,8192        ,6.764E+04 ,6.718E+04 ,6.758E+04 ,5.95E+04  ,1.144E+06 ,7.076E+03
memcpy_dev_v32_movsb_v20,rand SPEC2017   ,1       ,0      ,31     ,16384    ,40000  ,16384       ,2.085E+05 ,2.073E+05 ,2.083E+05 ,1.96E+05  ,1.292E+06 ,1.318E+04
memcpy_dev_v32_movsb_v20,rand SPEC2017   ,1       ,0      ,32     ,32768    ,20000  ,32768       ,4.804E+05 ,4.812E+05 ,4.802E+05 ,4.57E+05  ,1.565E+06 ,1.791E+04
memcpy_dev_v32_movsb_v20,rand SPEC2017   ,1       ,0      ,64     ,32768    ,20000  ,32768       ,4.807E+05 ,4.813E+05 ,4.804E+05 ,4.56E+05  ,1.453E+06 ,1.970E+04
memcpy_dev_v32_movsb_v20,rand SPEC2017   ,1       ,0      ,65     ,32768    ,20000  ,32768       ,4.812E+05 ,4.819E+05 ,4.811E+05 ,4.65E+05  ,1.524E+06 ,1.783E+04
memcpy_dev_v32_movsb_v20,rand SPEC2017   ,1       ,0      ,128    ,32768    ,20000  ,32768       ,4.919E+05 ,4.929E+05 ,4.917E+05 ,4.67E+05  ,1.600E+06 ,2.092E+04
memcpy_dev_v32_movsb_v20,rand SPEC2017   ,1       ,0      ,256    ,32768    ,20000  ,32768       ,5.420E+05 ,5.398E+05 ,5.418E+05 ,5.13E+05  ,1.628E+06 ,2.079E+04
memcpy_dev_v32_movsb_v20,rand SPEC2017   ,1       ,32     ,-1     ,32768    ,20000  ,32768       ,5.858E+05 ,5.845E+05 ,5.856E+05 ,5.47E+05  ,1.677E+06 ,2.409E+04
memcpy_dev_v32_movsb_v20,rand SPEC2017   ,1       ,33     ,-1     ,8192     ,80000  ,8192        ,1.616E+05 ,1.607E+05 ,1.615E+05 ,1.49E+05  ,1.110E+06 ,1.063E+04
memcpy_dev_v32_movsb_v20,rand SPEC2017   ,1       ,64     ,-1     ,8192     ,80000  ,8192        ,1.608E+05 ,1.600E+05 ,1.607E+05 ,1.54E+05  ,1.090E+06 ,1.061E+04
memcpy_dev_v32_movsb_v20,rand SPEC2017   ,1       ,65     ,-1     ,8192     ,80000  ,8192        ,1.643E+05 ,1.632E+05 ,1.642E+05 ,1.56E+05  ,1.453E+06 ,1.196E+04
memcpy_dev_v32_movsb_v20,rand SPEC2017   ,1       ,129    ,-1     ,8192     ,80000  ,8192        ,1.750E+05 ,1.741E+05 ,1.749E+05 ,1.68E+05  ,1.247E+06 ,1.087E+04
memcpy_dev_v32_movsb_v20,rand SPEC2017   ,1       ,257    ,-1     ,4096     ,160000 ,4096        ,9.588E+04 ,9.525E+04 ,9.580E+04 ,8.81E+04  ,1.159E+06 ,7.930E+03
memcpy_dev_v32_movsb_v20,rand SPEC2017   ,1       ,0      ,-1     ,65536    ,10000  ,65536       ,1.424E+06 ,1.417E+06 ,1.423E+06 ,1.35E+06  ,2.480E+06 ,4.144E+04
memcpy_dev_v32_movsb_v20,rand SPEC2017   ,2       ,0      ,-1     ,65536    ,10000  ,65536       ,1.271E+06 ,1.277E+06 ,1.271E+06 ,1.20E+06  ,2.266E+06 ,3.058E+04
memcpy_dev_v32_movsb_v20,rand SPEC2017   ,4       ,0      ,-1     ,65536    ,10000  ,65536       ,1.618E+06 ,1.622E+06 ,1.617E+06 ,1.52E+06  ,2.598E+06 ,3.676E+04
memcpy_dev_v32_movsb_v20,rand SPEC2017   ,8       ,0      ,-1     ,65536    ,10000  ,65536       ,2.036E+06 ,2.041E+06 ,2.036E+06 ,1.99E+06  ,3.181E+06 ,4.076E+04
memcpy_dev_v32_movsb_v20,rand SPEC2017   ,16      ,0      ,-1     ,65536    ,10000  ,65536       ,3.571E+06 ,3.575E+06 ,3.570E+06 ,3.43E+06  ,4.716E+06 ,5.818E+04
memcpy_dev_v32_movsb_v20,rand SPEC2017   ,32      ,0      ,-1     ,65536    ,10000  ,65536       ,6.657E+06 ,6.651E+06 ,6.657E+06 ,6.41E+06  ,8.719E+06 ,9.239E+04
memcpy_dev_v32_movsb_v20,rand SPEC2017   ,64      ,0      ,-1     ,65536    ,10000  ,65536       ,1.369E+07 ,1.367E+07 ,1.369E+07 ,1.33E+07  ,1.687E+07 ,1.419E+05
memcpy_dev_v32_movsb_v20,rand SPEC2017   ,128     ,0      ,-1     ,65536    ,10000  ,65536       ,2.796E+07 ,2.793E+07 ,2.795E+07 ,2.73E+07  ,3.802E+07 ,2.956E+05
memcpy_dev_v32_movsb_v20,rand SPEC2017   ,256     ,0      ,-1     ,65536    ,10000  ,65536       ,5.703E+07 ,5.698E+07 ,5.703E+07 ,5.62E+07  ,6.447E+07 ,3.870E+05
memcpy_dev_v32_movsb_v21,rand SPEC2017   ,1       ,16     ,256    ,32768    ,20000  ,32768       ,3.863E+05 ,3.861E+05 ,3.860E+05 ,3.59E+05  ,1.669E+06 ,2.255E+04
memcpy_dev_v32_movsb_v21,rand SPEC2017   ,1       ,32     ,256    ,16384    ,40000  ,16384       ,1.424E+05 ,1.458E+05 ,1.419E+05 ,1.10E+05  ,1.308E+06 ,1.546E+04
memcpy_dev_v32_movsb_v21,rand SPEC2017   ,1       ,33     ,256    ,8192     ,80000  ,8192        ,6.606E+04 ,6.687E+04 ,6.598E+04 ,6.05E+04  ,1.226E+06 ,8.077E+03
memcpy_dev_v32_movsb_v21,rand SPEC2017   ,1       ,16     ,257    ,32768    ,20000  ,32768       ,3.787E+05 ,3.763E+05 ,3.785E+05 ,3.66E+05  ,1.443E+06 ,1.741E+04
memcpy_dev_v32_movsb_v21,rand SPEC2017   ,1       ,32     ,257    ,16384    ,40000  ,16384       ,1.448E+05 ,1.448E+05 ,1.447E+05 ,1.38E+05  ,1.124E+06 ,9.648E+03
memcpy_dev_v32_movsb_v21,rand SPEC2017   ,1       ,33     ,257    ,8192     ,80000  ,8192        ,6.692E+04 ,6.634E+04 ,6.688E+04 ,6.58E+04  ,1.011E+06 ,6.637E+03
memcpy_dev_v32_movsb_v21,rand SPEC2017   ,1       ,0      ,31     ,16384    ,40000  ,16384       ,2.109E+05 ,2.101E+05 ,2.108E+05 ,1.97E+05  ,1.262E+06 ,1.288E+04
memcpy_dev_v32_movsb_v21,rand SPEC2017   ,1       ,0      ,32     ,32768    ,20000  ,32768       ,4.750E+05 ,4.735E+05 ,4.748E+05 ,4.54E+05  ,1.556E+06 ,1.876E+04
memcpy_dev_v32_movsb_v21,rand SPEC2017   ,1       ,0      ,64     ,32768    ,20000  ,32768       ,4.773E+05 ,4.772E+05 ,4.770E+05 ,4.56E+05  ,1.629E+06 ,2.061E+04
memcpy_dev_v32_movsb_v21,rand SPEC2017   ,1       ,0      ,65     ,32768    ,20000  ,32768       ,4.769E+05 ,4.775E+05 ,4.767E+05 ,4.55E+05  ,1.418E+06 ,1.739E+04
memcpy_dev_v32_movsb_v21,rand SPEC2017   ,1       ,0      ,128    ,32768    ,20000  ,32768       ,4.905E+05 ,4.905E+05 ,4.904E+05 ,4.75E+05  ,1.445E+06 ,1.677E+04
memcpy_dev_v32_movsb_v21,rand SPEC2017   ,1       ,0      ,256    ,32768    ,20000  ,32768       ,5.457E+05 ,5.428E+05 ,5.455E+05 ,5.17E+05  ,1.650E+06 ,2.060E+04
memcpy_dev_v32_movsb_v21,rand SPEC2017   ,1       ,32     ,-1     ,32768    ,20000  ,32768       ,5.866E+05 ,5.831E+05 ,5.863E+05 ,5.56E+05  ,1.650E+06 ,2.378E+04
memcpy_dev_v32_movsb_v21,rand SPEC2017   ,1       ,33     ,-1     ,8192     ,80000  ,8192        ,1.602E+05 ,1.592E+05 ,1.601E+05 ,1.54E+05  ,1.243E+06 ,1.095E+04
memcpy_dev_v32_movsb_v21,rand SPEC2017   ,1       ,64     ,-1     ,8192     ,80000  ,8192        ,1.627E+05 ,1.613E+05 ,1.626E+05 ,1.53E+05  ,1.391E+06 ,1.190E+04
memcpy_dev_v32_movsb_v21,rand SPEC2017   ,1       ,65     ,-1     ,8192     ,80000  ,8192        ,1.644E+05 ,1.635E+05 ,1.643E+05 ,1.53E+05  ,1.203E+06 ,1.101E+04
memcpy_dev_v32_movsb_v21,rand SPEC2017   ,1       ,129    ,-1     ,8192     ,80000  ,8192        ,1.734E+05 ,1.729E+05 ,1.733E+05 ,1.67E+05  ,1.269E+06 ,1.086E+04
memcpy_dev_v32_movsb_v21,rand SPEC2017   ,1       ,257    ,-1     ,4096     ,160000 ,4096        ,9.669E+04 ,9.597E+04 ,9.662E+04 ,9.33E+04  ,1.168E+06 ,8.569E+03
memcpy_dev_v32_movsb_v21,rand SPEC2017   ,1       ,0      ,-1     ,65536    ,10000  ,65536       ,1.408E+06 ,1.404E+06 ,1.408E+06 ,1.37E+06  ,2.498E+06 ,3.332E+04
memcpy_dev_v32_movsb_v21,rand SPEC2017   ,2       ,0      ,-1     ,65536    ,10000  ,65536       ,1.280E+06 ,1.278E+06 ,1.280E+06 ,1.22E+06  ,2.296E+06 ,3.663E+04
memcpy_dev_v32_movsb_v21,rand SPEC2017   ,4       ,0      ,-1     ,65536    ,10000  ,65536       ,1.611E+06 ,1.612E+06 ,1.611E+06 ,1.57E+06  ,2.671E+06 ,3.707E+04
memcpy_dev_v32_movsb_v21,rand SPEC2017   ,8       ,0      ,-1     ,65536    ,10000  ,65536       ,2.044E+06 ,2.045E+06 ,2.043E+06 ,1.99E+06  ,3.119E+06 ,3.883E+04
memcpy_dev_v32_movsb_v21,rand SPEC2017   ,16      ,0      ,-1     ,65536    ,10000  ,65536       ,3.566E+06 ,3.569E+06 ,3.565E+06 ,3.42E+06  ,5.265E+06 ,7.740E+04
memcpy_dev_v32_movsb_v21,rand SPEC2017   ,32      ,0      ,-1     ,65536    ,10000  ,65536       ,6.626E+06 ,6.621E+06 ,6.625E+06 ,6.40E+06  ,9.213E+06 ,8.665E+04
memcpy_dev_v32_movsb_v21,rand SPEC2017   ,64      ,0      ,-1     ,65536    ,10000  ,65536       ,1.372E+07 ,1.371E+07 ,1.372E+07 ,1.33E+07  ,1.650E+07 ,1.352E+05
