impl name               ,test name       ,size    ,al dst ,al src ,dst > src,trials ,inner trials,mean      ,median    ,geomean   ,min       ,max       ,stdev
memcpy_dev_v32_movsb_v19,rand SPEC2017   ,1       ,16     ,256    ,32768    ,20000  ,32768       ,2.322E+05 ,2.250E+05 ,2.314E+05 ,2.11E+05  ,5.220E+05 ,2.188E+04
memcpy_dev_v32_movsb_v19,rand SPEC2017   ,1       ,32     ,256    ,16384    ,40000  ,16384       ,7.532E+04 ,7.458E+04 ,7.527E+04 ,7.23E+04  ,1.481E+05 ,3.080E+03
memcpy_dev_v32_movsb_v19,rand SPEC2017   ,1       ,33     ,256    ,8192     ,80000  ,8192        ,4.052E+04 ,4.044E+04 ,4.050E+04 ,3.88E+04  ,9.607E+04 ,1.592E+03
memcpy_dev_v32_movsb_v19,rand SPEC2017   ,1       ,16     ,257    ,32768    ,20000  ,32768       ,2.345E+05 ,2.324E+05 ,2.344E+05 ,2.21E+05  ,3.434E+05 ,6.994E+03
memcpy_dev_v32_movsb_v19,rand SPEC2017   ,1       ,32     ,257    ,16384    ,40000  ,16384       ,7.879E+04 ,7.842E+04 ,7.873E+04 ,7.48E+04  ,1.517E+05 ,3.359E+03
memcpy_dev_v32_movsb_v19,rand SPEC2017   ,1       ,33     ,257    ,8192     ,80000  ,8192        ,4.115E+04 ,4.108E+04 ,4.113E+04 ,3.95E+04  ,8.374E+04 ,1.375E+03
memcpy_dev_v32_movsb_v19,rand SPEC2017   ,1       ,0      ,31     ,16384    ,40000  ,16384       ,1.275E+05 ,1.250E+05 ,1.272E+05 ,1.20E+05  ,3.768E+05 ,1.010E+04
memcpy_dev_v32_movsb_v19,rand SPEC2017   ,1       ,0      ,32     ,32768    ,20000  ,32768       ,3.237E+05 ,3.219E+05 ,3.234E+05 ,3.09E+05  ,6.029E+05 ,1.362E+04
memcpy_dev_v32_movsb_v19,rand SPEC2017   ,1       ,0      ,64     ,32768    ,20000  ,32768       ,3.251E+05 ,3.234E+05 ,3.249E+05 ,3.10E+05  ,7.960E+05 ,1.094E+04
memcpy_dev_v32_movsb_v19,rand SPEC2017   ,1       ,0      ,65     ,32768    ,20000  ,32768       ,3.255E+05 ,3.236E+05 ,3.254E+05 ,3.10E+05  ,4.249E+05 ,6.510E+03
memcpy_dev_v32_movsb_v19,rand SPEC2017   ,1       ,0      ,128    ,32768    ,20000  ,32768       ,3.323E+05 ,3.299E+05 ,3.322E+05 ,3.24E+05  ,3.993E+05 ,6.793E+03
memcpy_dev_v32_movsb_v19,rand SPEC2017   ,1       ,0      ,256    ,32768    ,20000  ,32768       ,3.635E+05 ,3.597E+05 ,3.633E+05 ,3.52E+05  ,5.217E+05 ,1.006E+04
memcpy_dev_v32_movsb_v19,rand SPEC2017   ,1       ,32     ,-1     ,32768    ,20000  ,32768       ,3.878E+05 ,3.873E+05 ,3.877E+05 ,3.71E+05  ,4.549E+05 ,9.289E+03
memcpy_dev_v32_movsb_v19,rand SPEC2017   ,1       ,33     ,-1     ,8192     ,80000  ,8192        ,1.080E+05 ,1.071E+05 ,1.080E+05 ,1.04E+05  ,2.229E+05 ,3.895E+03
memcpy_dev_v32_movsb_v19,rand SPEC2017   ,1       ,64     ,-1     ,8192     ,80000  ,8192        ,1.105E+05 ,1.097E+05 ,1.105E+05 ,1.07E+05  ,1.862E+05 ,3.576E+03
memcpy_dev_v32_movsb_v19,rand SPEC2017   ,1       ,65     ,-1     ,8192     ,80000  ,8192        ,1.130E+05 ,1.123E+05 ,1.129E+05 ,1.09E+05  ,2.096E+05 ,3.526E+03
memcpy_dev_v32_movsb_v19,rand SPEC2017   ,1       ,129    ,-1     ,8192     ,80000  ,8192        ,1.173E+05 ,1.158E+05 ,1.172E+05 ,1.13E+05  ,2.341E+05 ,4.931E+03
memcpy_dev_v32_movsb_v19,rand SPEC2017   ,1       ,257    ,-1     ,4096     ,160000 ,4096        ,8.272E+04 ,8.233E+04 ,8.269E+04 ,7.83E+04  ,1.454E+05 ,2.274E+03
memcpy_dev_v32_movsb_v19,rand SPEC2017   ,1       ,0      ,-1     ,65536    ,10000  ,65536       ,9.804E+05 ,9.748E+05 ,9.802E+05 ,9.55E+05  ,1.390E+06 ,2.009E+04
memcpy_dev_v32_movsb_v19,rand SPEC2017   ,2       ,0      ,-1     ,65536    ,10000  ,65536       ,8.670E+05 ,8.688E+05 ,8.668E+05 ,8.37E+05  ,1.303E+06 ,2.148E+04
memcpy_dev_v32_movsb_v19,rand SPEC2017   ,4       ,0      ,-1     ,65536    ,10000  ,65536       ,1.098E+06 ,1.091E+06 ,1.098E+06 ,1.06E+06  ,1.307E+06 ,1.693E+04
memcpy_dev_v32_movsb_v19,rand SPEC2017   ,8       ,0      ,-1     ,65536    ,10000  ,65536       ,1.383E+06 ,1.369E+06 ,1.383E+06 ,1.35E+06  ,1.884E+06 ,2.635E+04
memcpy_dev_v32_movsb_v19,rand SPEC2017   ,16      ,0      ,-1     ,65536    ,10000  ,65536       ,2.390E+06 ,2.381E+06 ,2.389E+06 ,2.31E+06  ,3.592E+06 ,4.203E+04
memcpy_dev_v32_movsb_v19,rand SPEC2017   ,32      ,0      ,-1     ,65536    ,10000  ,65536       ,4.456E+06 ,4.459E+06 ,4.456E+06 ,4.32E+06  ,6.465E+06 ,5.890E+04
memcpy_dev_v32_movsb_v19,rand SPEC2017   ,64      ,0      ,-1     ,65536    ,10000  ,65536       ,9.289E+06 ,9.292E+06 ,9.289E+06 ,9.02E+06  ,1.216E+07 ,8.304E+04
memcpy_dev_v32_movsb_v19,rand SPEC2017   ,128     ,0      ,-1     ,65536    ,10000  ,65536       ,1.939E+07 ,1.939E+07 ,1.939E+07 ,1.89E+07  ,2.525E+07 ,1.621E+05
memcpy_dev_v32_movsb_v19,rand SPEC2017   ,256     ,0      ,-1     ,65536    ,10000  ,65536       ,4.062E+07 ,4.059E+07 ,4.061E+07 ,3.99E+07  ,4.912E+07 ,4.439E+05
memcpy_dev_v32_movsb_v20,rand SPEC2017   ,1       ,16     ,256    ,32768    ,20000  ,32768       ,2.470E+05 ,2.444E+05 ,2.469E+05 ,2.35E+05  ,4.000E+05 ,9.565E+03
memcpy_dev_v32_movsb_v20,rand SPEC2017   ,1       ,32     ,256    ,16384    ,40000  ,16384       ,8.230E+04 ,8.218E+04 ,8.221E+04 ,7.85E+04  ,1.501E+05 ,4.068E+03
memcpy_dev_v32_movsb_v20,rand SPEC2017   ,1       ,33     ,256    ,8192     ,80000  ,8192        ,4.381E+04 ,4.401E+04 ,4.378E+04 ,4.22E+04  ,7.863E+04 ,1.984E+03
memcpy_dev_v32_movsb_v20,rand SPEC2017   ,1       ,16     ,257    ,32768    ,20000  ,32768       ,2.459E+05 ,2.444E+05 ,2.458E+05 ,2.38E+05  ,2.854E+05 ,6.025E+03
memcpy_dev_v32_movsb_v20,rand SPEC2017   ,1       ,32     ,257    ,16384    ,40000  ,16384       ,8.239E+04 ,8.245E+04 ,8.234E+04 ,7.87E+04  ,1.182E+05 ,3.170E+03
memcpy_dev_v32_movsb_v20,rand SPEC2017   ,1       ,33     ,257    ,8192     ,80000  ,8192        ,4.397E+04 ,4.419E+04 ,4.393E+04 ,4.23E+04  ,9.971E+04 ,2.145E+03
memcpy_dev_v32_movsb_v20,rand SPEC2017   ,1       ,0      ,31     ,16384    ,40000  ,16384       ,1.471E+05 ,1.460E+05 ,1.471E+05 ,1.39E+05  ,2.047E+05 ,4.224E+03
memcpy_dev_v32_movsb_v20,rand SPEC2017   ,1       ,0      ,32     ,32768    ,20000  ,32768       ,3.331E+05 ,3.332E+05 ,3.330E+05 ,3.21E+05  ,3.894E+05 ,7.487E+03
memcpy_dev_v32_movsb_v20,rand SPEC2017   ,1       ,0      ,64     ,32768    ,20000  ,32768       ,3.321E+05 ,3.324E+05 ,3.321E+05 ,3.20E+05  ,4.068E+05 ,7.425E+03
memcpy_dev_v32_movsb_v20,rand SPEC2017   ,1       ,0      ,65     ,32768    ,20000  ,32768       ,3.315E+05 ,3.321E+05 ,3.314E+05 ,3.20E+05  ,3.797E+05 ,7.350E+03
memcpy_dev_v32_movsb_v20,rand SPEC2017   ,1       ,0      ,128    ,32768    ,20000  ,32768       ,3.412E+05 ,3.412E+05 ,3.411E+05 ,3.28E+05  ,4.923E+05 ,9.173E+03
memcpy_dev_v32_movsb_v20,rand SPEC2017   ,1       ,0      ,256    ,32768    ,20000  ,32768       ,3.752E+05 ,3.750E+05 ,3.751E+05 ,3.59E+05  ,4.750E+05 ,5.457E+03
memcpy_dev_v32_movsb_v20,rand SPEC2017   ,1       ,32     ,-1     ,32768    ,20000  ,32768       ,3.967E+05 ,3.959E+05 ,3.967E+05 ,3.75E+05  ,6.613E+05 ,7.865E+03
memcpy_dev_v32_movsb_v20,rand SPEC2017   ,1       ,33     ,-1     ,8192     ,80000  ,8192        ,1.104E+05 ,1.094E+05 ,1.103E+05 ,1.06E+05  ,2.321E+05 ,4.256E+03
memcpy_dev_v32_movsb_v20,rand SPEC2017   ,1       ,64     ,-1     ,8192     ,80000  ,8192        ,1.114E+05 ,1.106E+05 ,1.113E+05 ,1.07E+05  ,2.595E+05 ,4.094E+03
memcpy_dev_v32_movsb_v20,rand SPEC2017   ,1       ,65     ,-1     ,8192     ,80000  ,8192        ,1.140E+05 ,1.131E+05 ,1.140E+05 ,1.10E+05  ,2.687E+05 ,4.208E+03
memcpy_dev_v32_movsb_v20,rand SPEC2017   ,1       ,129    ,-1     ,8192     ,80000  ,8192        ,1.173E+05 ,1.170E+05 ,1.172E+05 ,1.12E+05  ,2.631E+05 ,4.707E+03
memcpy_dev_v32_movsb_v20,rand SPEC2017   ,1       ,257    ,-1     ,4096     ,160000 ,4096        ,8.207E+04 ,8.164E+04 ,8.204E+04 ,7.81E+04  ,1.809E+05 ,2.431E+03
memcpy_dev_v32_movsb_v20,rand SPEC2017   ,1       ,0      ,-1     ,65536    ,10000  ,65536       ,9.858E+05 ,9.901E+05 ,9.857E+05 ,9.56E+05  ,1.292E+06 ,1.609E+04
memcpy_dev_v32_movsb_v20,rand SPEC2017   ,2       ,0      ,-1     ,65536    ,10000  ,65536       ,8.707E+05 ,8.723E+05 ,8.705E+05 ,8.39E+05  ,1.232E+06 ,1.842E+04
memcpy_dev_v32_movsb_v20,rand SPEC2017   ,4       ,0      ,-1     ,65536    ,10000  ,65536       ,1.110E+06 ,1.105E+06 ,1.109E+06 ,1.08E+06  ,1.463E+06 ,2.004E+04
memcpy_dev_v32_movsb_v20,rand SPEC2017   ,8       ,0      ,-1     ,65536    ,10000  ,65536       ,1.385E+06 ,1.372E+06 ,1.385E+06 ,1.36E+06  ,1.838E+06 ,2.675E+04
memcpy_dev_v32_movsb_v20,rand SPEC2017   ,16      ,0      ,-1     ,65536    ,10000  ,65536       ,2.397E+06 ,2.393E+06 ,2.397E+06 ,2.32E+06  ,3.191E+06 ,3.027E+04
memcpy_dev_v32_movsb_v20,rand SPEC2017   ,32      ,0      ,-1     ,65536    ,10000  ,65536       ,4.461E+06 ,4.462E+06 ,4.460E+06 ,4.31E+06  ,6.696E+06 ,7.740E+04
memcpy_dev_v32_movsb_v20,rand SPEC2017   ,64      ,0      ,-1     ,65536    ,10000  ,65536       ,9.297E+06 ,9.299E+06 ,9.297E+06 ,9.05E+06  ,1.104E+07 ,8.090E+04
memcpy_dev_v32_movsb_v20,rand SPEC2017   ,128     ,0      ,-1     ,65536    ,10000  ,65536       ,1.898E+07 ,1.897E+07 ,1.898E+07 ,1.86E+07  ,2.636E+07 ,2.854E+05
memcpy_dev_v32_movsb_v20,rand SPEC2017   ,256     ,0      ,-1     ,65536    ,10000  ,65536       ,4.034E+07 ,4.033E+07 ,4.034E+07 ,3.98E+07  ,4.756E+07 ,3.145E+05
memcpy_dev_v32_movsb_v21,rand SPEC2017   ,1       ,16     ,256    ,32768    ,20000  ,32768       ,2.440E+05 ,2.416E+05 ,2.439E+05 ,2.32E+05  ,3.672E+05 ,7.621E+03
memcpy_dev_v32_movsb_v21,rand SPEC2017   ,1       ,32     ,256    ,16384    ,40000  ,16384       ,8.400E+04 ,8.393E+04 ,8.395E+04 ,7.88E+04  ,1.355E+05 ,3.199E+03
memcpy_dev_v32_movsb_v21,rand SPEC2017   ,1       ,33     ,256    ,8192     ,80000  ,8192        ,4.353E+04 ,4.377E+04 ,4.349E+04 ,4.21E+04  ,9.574E+04 ,2.044E+03
memcpy_dev_v32_movsb_v21,rand SPEC2017   ,1       ,16     ,257    ,32768    ,20000  ,32768       ,2.425E+05 ,2.408E+05 ,2.425E+05 ,2.35E+05  ,2.942E+05 ,5.257E+03
memcpy_dev_v32_movsb_v21,rand SPEC2017   ,1       ,32     ,257    ,16384    ,40000  ,16384       ,8.403E+04 ,8.369E+04 ,8.398E+04 ,7.83E+04  ,1.327E+05 ,2.927E+03
memcpy_dev_v32_movsb_v21,rand SPEC2017   ,1       ,33     ,257    ,8192     ,80000  ,8192        ,4.431E+04 ,4.436E+04 ,4.429E+04 ,4.24E+04  ,8.972E+04 ,1.551E+03
memcpy_dev_v32_movsb_v21,rand SPEC2017   ,1       ,0      ,31     ,16384    ,40000  ,16384       ,1.473E+05 ,1.467E+05 ,1.473E+05 ,1.39E+05  ,2.062E+05 ,4.494E+03
memcpy_dev_v32_movsb_v21,rand SPEC2017   ,1       ,0      ,32     ,32768    ,20000  ,32768       ,3.328E+05 ,3.331E+05 ,3.327E+05 ,3.19E+05  ,4.259E+05 ,7.306E+03
memcpy_dev_v32_movsb_v21,rand SPEC2017   ,1       ,0      ,64     ,32768    ,20000  ,32768       ,3.330E+05 ,3.331E+05 ,3.329E+05 ,3.19E+05  ,4.615E+05 ,8.894E+03
memcpy_dev_v32_movsb_v21,rand SPEC2017   ,1       ,0      ,65     ,32768    ,20000  ,32768       ,3.332E+05 ,3.330E+05 ,3.331E+05 ,3.19E+05  ,4.729E+05 ,7.928E+03
memcpy_dev_v32_movsb_v21,rand SPEC2017   ,1       ,0      ,128    ,32768    ,20000  ,32768       ,3.401E+05 ,3.409E+05 ,3.400E+05 ,3.27E+05  ,4.812E+05 ,7.628E+03
memcpy_dev_v32_movsb_v21,rand SPEC2017   ,1       ,0      ,256    ,32768    ,20000  ,32768       ,3.731E+05 ,3.743E+05 ,3.730E+05 ,3.57E+05  ,4.244E+05 ,6.630E+03
memcpy_dev_v32_movsb_v21,rand SPEC2017   ,1       ,32     ,-1     ,32768    ,20000  ,32768       ,3.895E+05 ,3.895E+05 ,3.895E+05 ,3.72E+05  ,5.461E+05 ,8.519E+03
memcpy_dev_v32_movsb_v21,rand SPEC2017   ,1       ,33     ,-1     ,8192     ,80000  ,8192        ,1.057E+05 ,1.052E+05 ,1.056E+05 ,1.01E+05  ,1.785E+05 ,3.635E+03
memcpy_dev_v32_movsb_v21,rand SPEC2017   ,1       ,64     ,-1     ,8192     ,80000  ,8192        ,1.064E+05 ,1.054E+05 ,1.064E+05 ,1.02E+05  ,1.908E+05 ,3.908E+03
memcpy_dev_v32_movsb_v21,rand SPEC2017   ,1       ,65     ,-1     ,8192     ,80000  ,8192        ,1.080E+05 ,1.070E+05 ,1.080E+05 ,1.04E+05  ,1.637E+05 ,3.643E+03
memcpy_dev_v32_movsb_v21,rand SPEC2017   ,1       ,129    ,-1     ,8192     ,80000  ,8192        ,1.160E+05 ,1.151E+05 ,1.159E+05 ,1.12E+05  ,1.969E+05 ,4.080E+03
memcpy_dev_v32_movsb_v21,rand SPEC2017   ,1       ,257    ,-1     ,4096     ,160000 ,4096        ,8.046E+04 ,8.035E+04 ,8.045E+04 ,7.72E+04  ,1.269E+05 ,1.676E+03
memcpy_dev_v32_movsb_v21,rand SPEC2017   ,1       ,0      ,-1     ,65536    ,10000  ,65536       ,9.815E+05 ,9.842E+05 ,9.813E+05 ,9.45E+05  ,1.340E+06 ,1.800E+04
memcpy_dev_v32_movsb_v21,rand SPEC2017   ,2       ,0      ,-1     ,65536    ,10000  ,65536       ,8.625E+05 ,8.586E+05 ,8.622E+05 ,8.35E+05  ,1.258E+06 ,2.062E+04
memcpy_dev_v32_movsb_v21,rand SPEC2017   ,4       ,0      ,-1     ,65536    ,10000  ,65536       ,1.100E+06 ,1.094E+06 ,1.100E+06 ,1.08E+06  ,1.568E+06 ,2.123E+04
memcpy_dev_v32_movsb_v21,rand SPEC2017   ,8       ,0      ,-1     ,65536    ,10000  ,65536       ,1.370E+06 ,1.358E+06 ,1.370E+06 ,1.35E+06  ,1.445E+06 ,2.114E+04
memcpy_dev_v32_movsb_v21,rand SPEC2017   ,16      ,0      ,-1     ,65536    ,10000  ,65536       ,2.380E+06 ,2.377E+06 ,2.379E+06 ,2.30E+06  ,3.160E+06 ,2.182E+04
memcpy_dev_v32_movsb_v21,rand SPEC2017   ,32      ,0      ,-1     ,65536    ,10000  ,65536       ,4.439E+06 ,4.446E+06 ,4.439E+06 ,4.31E+06  ,6.285E+06 ,5.919E+04
memcpy_dev_v32_movsb_v21,rand SPEC2017   ,64      ,0      ,-1     ,65536    ,10000  ,65536       ,9.230E+06 ,9.225E+06 ,9.229E+06 ,9.00E+06  ,1.316E+07 ,1.374E+05
memcpy_dev_v32_movsb_v21,rand SPEC2017   ,128     ,0      ,-1     ,65536    ,10000  ,65536       ,1.914E+07 ,1.911E+07 ,1.914E+07 ,1.87E+07  ,2.503E+07 ,3.494E+05
memcpy_dev_v32_movsb_v21,rand SPEC2017   ,256     ,0      ,-1     ,65536    ,10000  ,65536       ,4.001E+07 ,4.000E+07 ,4.000E+07 ,3.93E+07  ,4.717E+07 ,2.814E+05
memcpy_dev_v32_movsb_v22,rand SPEC2017   ,1       ,16     ,256    ,32768    ,20000  ,32768       ,2.503E+05 ,2.491E+05 ,2.502E+05 ,2.41E+05  ,3.518E+05 ,6.455E+03
memcpy_dev_v32_movsb_v22,rand SPEC2017   ,1       ,32     ,256    ,16384    ,40000  ,16384       ,8.308E+04 ,8.329E+04 ,8.304E+04 ,7.88E+04  ,1.198E+05 ,2.991E+03
memcpy_dev_v32_movsb_v22,rand SPEC2017   ,1       ,33     ,256    ,8192     ,80000  ,8192        ,4.711E+04 ,4.726E+04 ,4.708E+04 ,4.52E+04  ,8.408E+04 ,1.950E+03
memcpy_dev_v32_movsb_v22,rand SPEC2017   ,1       ,16     ,257    ,32768    ,20000  ,32768       ,2.496E+05 ,2.485E+05 ,2.495E+05 ,2.39E+05  ,3.461E+05 ,5.657E+03
memcpy_dev_v32_movsb_v22,rand SPEC2017   ,1       ,32     ,257    ,16384    ,40000  ,16384       ,8.450E+04 ,8.435E+04 ,8.446E+04 ,8.00E+04  ,1.368E+05 ,2.898E+03
memcpy_dev_v32_movsb_v22,rand SPEC2017   ,1       ,33     ,257    ,8192     ,80000  ,8192        ,4.558E+04 ,4.565E+04 ,4.555E+04 ,4.37E+04  ,7.866E+04 ,1.632E+03
memcpy_dev_v32_movsb_v22,rand SPEC2017   ,1       ,0      ,31     ,16384    ,40000  ,16384       ,1.320E+05 ,1.321E+05 ,1.320E+05 ,1.27E+05  ,1.877E+05 ,3.925E+03
memcpy_dev_v32_movsb_v22,rand SPEC2017   ,1       ,0      ,32     ,32768    ,20000  ,32768       ,3.328E+05 ,3.327E+05 ,3.327E+05 ,3.19E+05  ,5.692E+05 ,8.721E+03
memcpy_dev_v32_movsb_v22,rand SPEC2017   ,1       ,0      ,64     ,32768    ,20000  ,32768       ,3.310E+05 ,3.318E+05 ,3.309E+05 ,3.18E+05  ,5.532E+05 ,7.310E+03
memcpy_dev_v32_movsb_v22,rand SPEC2017   ,1       ,0      ,65     ,32768    ,20000  ,32768       ,3.288E+05 ,3.297E+05 ,3.287E+05 ,3.17E+05  ,5.290E+05 ,7.803E+03
memcpy_dev_v32_movsb_v22,rand SPEC2017   ,1       ,0      ,128    ,32768    ,20000  ,32768       ,3.380E+05 ,3.379E+05 ,3.379E+05 ,3.24E+05  ,4.819E+05 ,8.745E+03
memcpy_dev_v32_movsb_v22,rand SPEC2017   ,1       ,0      ,256    ,32768    ,20000  ,32768       ,3.684E+05 ,3.686E+05 ,3.683E+05 ,3.54E+05  ,6.147E+05 ,6.409E+03
memcpy_dev_v32_movsb_v22,rand SPEC2017   ,1       ,32     ,-1     ,32768    ,20000  ,32768       ,3.927E+05 ,3.914E+05 ,3.925E+05 ,3.72E+05  ,6.835E+05 ,1.218E+04
memcpy_dev_v32_movsb_v22,rand SPEC2017   ,1       ,33     ,-1     ,8192     ,80000  ,8192        ,1.094E+05 ,1.087E+05 ,1.094E+05 ,1.04E+05  ,2.274E+05 ,4.002E+03
memcpy_dev_v32_movsb_v22,rand SPEC2017   ,1       ,64     ,-1     ,8192     ,80000  ,8192        ,1.112E+05 ,1.106E+05 ,1.112E+05 ,1.07E+05  ,2.296E+05 ,4.122E+03
memcpy_dev_v32_movsb_v22,rand SPEC2017   ,1       ,65     ,-1     ,8192     ,80000  ,8192        ,1.126E+05 ,1.117E+05 ,1.125E+05 ,1.08E+05  ,2.659E+05 ,4.360E+03
memcpy_dev_v32_movsb_v22,rand SPEC2017   ,1       ,129    ,-1     ,8192     ,80000  ,8192        ,1.162E+05 ,1.161E+05 ,1.161E+05 ,1.11E+05  ,1.820E+05 ,4.212E+03
memcpy_dev_v32_movsb_v22,rand SPEC2017   ,1       ,257    ,-1     ,4096     ,160000 ,4096        ,8.229E+04 ,8.184E+04 ,8.226E+04 ,7.81E+04  ,1.410E+05 ,2.266E+03
memcpy_dev_v32_movsb_v22,rand SPEC2017   ,1       ,0      ,-1     ,65536    ,10000  ,65536       ,9.832E+05 ,9.888E+05 ,9.831E+05 ,9.53E+05  ,1.195E+06 ,1.681E+04
memcpy_dev_v32_movsb_v22,rand SPEC2017   ,2       ,0      ,-1     ,65536    ,10000  ,65536       ,8.690E+05 ,8.706E+05 ,8.689E+05 ,8.37E+05  ,9.874E+05 ,1.453E+04
memcpy_dev_v32_movsb_v22,rand SPEC2017   ,4       ,0      ,-1     ,65536    ,10000  ,65536       ,1.106E+06 ,1.104E+06 ,1.106E+06 ,1.08E+06  ,1.400E+06 ,2.159E+04
memcpy_dev_v32_movsb_v22,rand SPEC2017   ,8       ,0      ,-1     ,65536    ,10000  ,65536       ,1.388E+06 ,1.398E+06 ,1.388E+06 ,1.35E+06  ,1.781E+06 ,2.271E+04
memcpy_dev_v32_movsb_v22,rand SPEC2017   ,16      ,0      ,-1     ,65536    ,10000  ,65536       ,2.394E+06 ,2.385E+06 ,2.394E+06 ,2.31E+06  ,2.995E+06 ,2.679E+04
memcpy_dev_v32_movsb_v22,rand SPEC2017   ,32      ,0      ,-1     ,65536    ,10000  ,65536       ,4.451E+06 ,4.455E+06 ,4.451E+06 ,4.31E+06  ,5.270E+06 ,2.822E+04
memcpy_dev_v32_movsb_v22,rand SPEC2017   ,64      ,0      ,-1     ,65536    ,10000  ,65536       ,9.264E+06 ,9.268E+06 ,9.264E+06 ,9.02E+06  ,1.060E+07 ,5.997E+04
memcpy_dev_v32_movsb_v22,rand SPEC2017   ,128     ,0      ,-1     ,65536    ,10000  ,65536       ,1.903E+07 ,1.902E+07 ,1.903E+07 ,1.86E+07  ,2.507E+07 ,2.228E+05
memcpy_dev_v32_movsb_v22,rand SPEC2017   ,256     ,0      ,-1     ,65536    ,10000  ,65536       ,4.081E+07 ,4.078E+07 ,4.081E+07 ,4.01E+07  ,5.536E+07 ,4.553E+05
memcpy_glibc_v32_movsb  ,rand SPEC2017   ,1       ,16     ,256    ,32768    ,20000  ,32768       ,2.600E+05 ,2.600E+05 ,2.599E+05 ,2.47E+05  ,3.795E+05 ,6.724E+03
memcpy_glibc_v32_movsb  ,rand SPEC2017   ,1       ,32     ,256    ,16384    ,40000  ,16384       ,8.565E+04 ,8.566E+04 ,8.562E+04 ,8.13E+04  ,1.369E+05 ,2.162E+03
memcpy_glibc_v32_movsb  ,rand SPEC2017   ,1       ,33     ,256    ,8192     ,80000  ,8192        ,4.505E+04 ,4.445E+04 ,4.500E+04 ,4.38E+04  ,9.032E+04 ,2.161E+03
memcpy_glibc_v32_movsb  ,rand SPEC2017   ,1       ,16     ,257    ,32768    ,20000  ,32768       ,2.609E+05 ,2.616E+05 ,2.608E+05 ,2.48E+05  ,4.192E+05 ,6.851E+03
memcpy_glibc_v32_movsb  ,rand SPEC2017   ,1       ,32     ,257    ,16384    ,40000  ,16384       ,8.534E+04 ,8.516E+04 ,8.531E+04 ,8.08E+04  ,1.397E+05 ,2.428E+03
memcpy_glibc_v32_movsb  ,rand SPEC2017   ,1       ,33     ,257    ,8192     ,80000  ,8192        ,4.465E+04 ,4.416E+04 ,4.462E+04 ,4.35E+04  ,9.560E+04 ,2.012E+03
memcpy_glibc_v32_movsb  ,rand SPEC2017   ,1       ,0      ,31     ,16384    ,40000  ,16384       ,1.589E+05 ,1.582E+05 ,1.588E+05 ,1.45E+05  ,3.857E+05 ,7.289E+03
memcpy_glibc_v32_movsb  ,rand SPEC2017   ,1       ,0      ,32     ,32768    ,20000  ,32768       ,3.366E+05 ,3.365E+05 ,3.365E+05 ,3.23E+05  ,4.453E+05 ,8.093E+03
memcpy_glibc_v32_movsb  ,rand SPEC2017   ,1       ,0      ,64     ,32768    ,20000  ,32768       ,3.358E+05 ,3.355E+05 ,3.357E+05 ,3.23E+05  ,4.178E+05 ,7.826E+03
memcpy_glibc_v32_movsb  ,rand SPEC2017   ,1       ,0      ,65     ,32768    ,20000  ,32768       ,3.372E+05 ,3.372E+05 ,3.371E+05 ,3.24E+05  ,4.286E+05 ,8.025E+03
memcpy_glibc_v32_movsb  ,rand SPEC2017   ,1       ,0      ,128    ,32768    ,20000  ,32768       ,3.419E+05 ,3.417E+05 ,3.418E+05 ,3.29E+05  ,3.970E+05 ,7.625E+03
memcpy_glibc_v32_movsb  ,rand SPEC2017   ,1       ,0      ,256    ,32768    ,20000  ,32768       ,3.811E+05 ,3.809E+05 ,3.810E+05 ,3.64E+05  ,5.359E+05 ,7.652E+03
memcpy_glibc_v32_movsb  ,rand SPEC2017   ,1       ,32     ,-1     ,32768    ,20000  ,32768       ,4.046E+05 ,4.032E+05 ,4.045E+05 ,3.84E+05  ,5.521E+05 ,7.225E+03
memcpy_glibc_v32_movsb  ,rand SPEC2017   ,1       ,33     ,-1     ,8192     ,80000  ,8192        ,1.181E+05 ,1.176E+05 ,1.180E+05 ,1.12E+05  ,1.702E+05 ,3.872E+03
memcpy_glibc_v32_movsb  ,rand SPEC2017   ,1       ,64     ,-1     ,8192     ,80000  ,8192        ,1.204E+05 ,1.197E+05 ,1.203E+05 ,1.13E+05  ,2.396E+05 ,5.264E+03
memcpy_glibc_v32_movsb  ,rand SPEC2017   ,1       ,65     ,-1     ,8192     ,80000  ,8192        ,1.216E+05 ,1.209E+05 ,1.215E+05 ,1.15E+05  ,2.020E+05 ,4.511E+03
memcpy_glibc_v32_movsb  ,rand SPEC2017   ,1       ,129    ,-1     ,8192     ,80000  ,8192        ,1.298E+05 ,1.299E+05 ,1.298E+05 ,1.25E+05  ,1.720E+05 ,4.401E+03
memcpy_glibc_v32_movsb  ,rand SPEC2017   ,1       ,257    ,-1     ,4096     ,160000 ,4096        ,6.702E+04 ,6.691E+04 ,6.698E+04 ,6.40E+04  ,1.118E+05 ,2.434E+03
memcpy_glibc_v32_movsb  ,rand SPEC2017   ,1       ,0      ,-1     ,65536    ,10000  ,65536       ,1.005E+06 ,1.010E+06 ,1.005E+06 ,9.74E+05  ,1.186E+06 ,1.618E+04
memcpy_glibc_v32_movsb  ,rand SPEC2017   ,2       ,0      ,-1     ,65536    ,10000  ,65536       ,9.012E+05 ,9.041E+05 ,9.011E+05 ,8.69E+05  ,1.180E+06 ,1.732E+04
memcpy_glibc_v32_movsb  ,rand SPEC2017   ,4       ,0      ,-1     ,65536    ,10000  ,65536       ,1.158E+06 ,1.151E+06 ,1.157E+06 ,1.12E+06  ,1.433E+06 ,2.084E+04
memcpy_glibc_v32_movsb  ,rand SPEC2017   ,8       ,0      ,-1     ,65536    ,10000  ,65536       ,1.429E+06 ,1.437E+06 ,1.429E+06 ,1.38E+06  ,1.695E+06 ,2.170E+04
memcpy_glibc_v32_movsb  ,rand SPEC2017   ,16      ,0      ,-1     ,65536    ,10000  ,65536       ,2.489E+06 ,2.470E+06 ,2.489E+06 ,2.44E+06  ,3.417E+06 ,4.233E+04
memcpy_glibc_v32_movsb  ,rand SPEC2017   ,32      ,0      ,-1     ,65536    ,10000  ,65536       ,4.565E+06 ,4.566E+06 ,4.565E+06 ,4.42E+06  ,7.241E+06 ,4.275E+04
memcpy_glibc_v32_movsb  ,rand SPEC2017   ,64      ,0      ,-1     ,65536    ,10000  ,65536       ,9.384E+06 ,9.392E+06 ,9.384E+06 ,9.13E+06  ,1.096E+07 ,5.597E+04
memcpy_glibc_v32_movsb  ,rand SPEC2017   ,128     ,0      ,-1     ,65536    ,10000  ,65536       ,1.917E+07 ,1.917E+07 ,1.917E+07 ,1.88E+07  ,2.363E+07 ,1.457E+05
memcpy_glibc_v32_movsb  ,rand SPEC2017   ,256     ,0      ,-1     ,65536    ,10000  ,65536       ,4.113E+07 ,4.112E+07 ,4.113E+07 ,4.05E+07  ,4.891E+07 ,2.823E+05
memcpy_dev_v32_movsb_v19,rand SPEC2017   ,1       ,16     ,256    ,32768    ,20000  ,32768       ,2.504E+05 ,2.508E+05 ,2.503E+05 ,2.41E+05  ,3.340E+05 ,6.117E+03
memcpy_dev_v32_movsb_v19,rand SPEC2017   ,1       ,32     ,256    ,16384    ,40000  ,16384       ,8.323E+04 ,8.322E+04 ,8.320E+04 ,7.90E+04  ,1.243E+05 ,2.293E+03
memcpy_dev_v32_movsb_v19,rand SPEC2017   ,1       ,33     ,256    ,8192     ,80000  ,8192        ,4.562E+04 ,4.555E+04 ,4.559E+04 ,4.36E+04  ,9.996E+04 ,1.863E+03
memcpy_dev_v32_movsb_v19,rand SPEC2017   ,1       ,16     ,257    ,32768    ,20000  ,32768       ,2.500E+05 ,2.495E+05 ,2.499E+05 ,2.41E+05  ,3.094E+05 ,5.490E+03
memcpy_dev_v32_movsb_v19,rand SPEC2017   ,1       ,32     ,257    ,16384    ,40000  ,16384       ,8.362E+04 ,8.363E+04 ,8.359E+04 ,7.94E+04  ,1.217E+05 ,2.477E+03
memcpy_dev_v32_movsb_v19,rand SPEC2017   ,1       ,33     ,257    ,8192     ,80000  ,8192        ,4.406E+04 ,4.429E+04 ,4.403E+04 ,4.23E+04  ,8.163E+04 ,2.050E+03
memcpy_dev_v32_movsb_v19,rand SPEC2017   ,1       ,0      ,31     ,16384    ,40000  ,16384       ,1.333E+05 ,1.324E+05 ,1.333E+05 ,1.27E+05  ,1.790E+05 ,3.471E+03
memcpy_dev_v32_movsb_v19,rand SPEC2017   ,1       ,0      ,32     ,32768    ,20000  ,32768       ,3.317E+05 ,3.323E+05 ,3.316E+05 ,3.19E+05  ,3.989E+05 ,6.623E+03
memcpy_dev_v32_movsb_v19,rand SPEC2017   ,1       ,0      ,64     ,32768    ,20000  ,32768       ,3.323E+05 ,3.323E+05 ,3.322E+05 ,3.19E+05  ,4.017E+05 ,5.291E+03
memcpy_dev_v32_movsb_v19,rand SPEC2017   ,1       ,0      ,65     ,32768    ,20000  ,32768       ,3.300E+05 ,3.307E+05 ,3.299E+05 ,3.18E+05  ,3.853E+05 ,6.723E+03
memcpy_dev_v32_movsb_v19,rand SPEC2017   ,1       ,0      ,128    ,32768    ,20000  ,32768       ,3.369E+05 ,3.377E+05 ,3.368E+05 ,3.23E+05  ,3.876E+05 ,6.591E+03
memcpy_dev_v32_movsb_v19,rand SPEC2017   ,1       ,0      ,256    ,32768    ,20000  ,32768       ,3.699E+05 ,3.700E+05 ,3.699E+05 ,3.55E+05  ,4.937E+05 ,6.141E+03
memcpy_dev_v32_movsb_v19,rand SPEC2017   ,1       ,32     ,-1     ,32768    ,20000  ,32768       ,3.946E+05 ,3.934E+05 ,3.945E+05 ,3.75E+05  ,5.881E+05 ,9.739E+03
memcpy_dev_v32_movsb_v19,rand SPEC2017   ,1       ,33     ,-1     ,8192     ,80000  ,8192        ,1.102E+05 ,1.104E+05 ,1.101E+05 ,1.06E+05  ,1.824E+05 ,3.743E+03
memcpy_dev_v32_movsb_v19,rand SPEC2017   ,1       ,64     ,-1     ,8192     ,80000  ,8192        ,1.115E+05 ,1.106E+05 ,1.115E+05 ,1.06E+05  ,1.633E+05 ,3.674E+03
memcpy_dev_v32_movsb_v19,rand SPEC2017   ,1       ,65     ,-1     ,8192     ,80000  ,8192        ,1.141E+05 ,1.129E+05 ,1.141E+05 ,1.09E+05  ,1.711E+05 ,3.767E+03
memcpy_dev_v32_movsb_v19,rand SPEC2017   ,1       ,129    ,-1     ,8192     ,80000  ,8192        ,1.166E+05 ,1.164E+05 ,1.165E+05 ,1.11E+05  ,1.686E+05 ,4.236E+03
memcpy_dev_v32_movsb_v19,rand SPEC2017   ,1       ,257    ,-1     ,4096     ,160000 ,4096        ,8.302E+04 ,8.254E+04 ,8.300E+04 ,7.88E+04  ,1.295E+05 ,2.279E+03
memcpy_dev_v32_movsb_v19,rand SPEC2017   ,1       ,0      ,-1     ,65536    ,10000  ,65536       ,9.834E+05 ,9.858E+05 ,9.833E+05 ,9.49E+05  ,1.133E+06 ,1.410E+04
memcpy_dev_v32_movsb_v19,rand SPEC2017   ,2       ,0      ,-1     ,65536    ,10000  ,65536       ,8.677E+05 ,8.700E+05 ,8.676E+05 ,8.38E+05  ,1.036E+06 ,1.507E+04
memcpy_dev_v32_movsb_v19,rand SPEC2017   ,4       ,0      ,-1     ,65536    ,10000  ,65536       ,1.109E+06 ,1.105E+06 ,1.109E+06 ,1.08E+06  ,1.623E+06 ,3.049E+04
memcpy_dev_v32_movsb_v19,rand SPEC2017   ,8       ,0      ,-1     ,65536    ,10000  ,65536       ,1.393E+06 ,1.402E+06 ,1.393E+06 ,1.35E+06  ,2.161E+06 ,4.027E+04
memcpy_dev_v32_movsb_v19,rand SPEC2017   ,16      ,0      ,-1     ,65536    ,10000  ,65536       ,2.400E+06 ,2.383E+06 ,2.399E+06 ,2.32E+06  ,4.140E+06 ,7.561E+04
memcpy_dev_v32_movsb_v19,rand SPEC2017   ,32      ,0      ,-1     ,65536    ,10000  ,65536       ,4.459E+06 ,4.456E+06 ,4.458E+06 ,4.31E+06  ,7.073E+06 ,1.102E+05
memcpy_dev_v32_movsb_v19,rand SPEC2017   ,64      ,0      ,-1     ,65536    ,10000  ,65536       ,9.260E+06 ,9.258E+06 ,9.259E+06 ,9.01E+06  ,1.303E+07 ,1.263E+05
memcpy_dev_v32_movsb_v19,rand SPEC2017   ,128     ,0      ,-1     ,65536    ,10000  ,65536       ,1.902E+07 ,1.902E+07 ,1.902E+07 ,1.86E+07  ,2.543E+07 ,1.999E+05
memcpy_dev_v32_movsb_v19,rand SPEC2017   ,256     ,0      ,-1     ,65536    ,10000  ,65536       ,4.100E+07 ,4.100E+07 ,4.100E+07 ,4.02E+07  ,4.884E+07 ,2.465E+05
memcpy_dev_v32_movsb_v20,rand SPEC2017   ,1       ,16     ,256    ,32768    ,20000  ,32768       ,2.490E+05 ,2.493E+05 ,2.489E+05 ,2.39E+05  ,3.778E+05 ,6.642E+03
memcpy_dev_v32_movsb_v20,rand SPEC2017   ,1       ,32     ,256    ,16384    ,40000  ,16384       ,8.332E+04 ,8.282E+04 ,8.327E+04 ,7.86E+04  ,1.366E+05 ,3.096E+03
memcpy_dev_v32_movsb_v20,rand SPEC2017   ,1       ,33     ,256    ,8192     ,80000  ,8192        ,4.432E+04 ,4.450E+04 ,4.428E+04 ,4.25E+04  ,8.508E+04 ,1.886E+03
memcpy_dev_v32_movsb_v20,rand SPEC2017   ,1       ,16     ,257    ,32768    ,20000  ,32768       ,2.482E+05 ,2.468E+05 ,2.481E+05 ,2.39E+05  ,2.907E+05 ,5.266E+03
memcpy_dev_v32_movsb_v20,rand SPEC2017   ,1       ,32     ,257    ,16384    ,40000  ,16384       ,8.311E+04 ,8.290E+04 ,8.308E+04 ,7.87E+04  ,1.522E+05 ,2.508E+03
memcpy_dev_v32_movsb_v20,rand SPEC2017   ,1       ,33     ,257    ,8192     ,80000  ,8192        ,4.527E+04 ,4.529E+04 ,4.524E+04 ,4.33E+04  ,8.350E+04 ,1.713E+03
memcpy_dev_v32_movsb_v20,rand SPEC2017   ,1       ,0      ,31     ,16384    ,40000  ,16384       ,1.478E+05 ,1.468E+05 ,1.477E+05 ,1.39E+05  ,1.918E+05 ,4.945E+03
memcpy_dev_v32_movsb_v20,rand SPEC2017   ,1       ,0      ,32     ,32768    ,20000  ,32768       ,3.331E+05 ,3.334E+05 ,3.331E+05 ,3.18E+05  ,3.783E+05 ,5.913E+03
memcpy_dev_v32_movsb_v20,rand SPEC2017   ,1       ,0      ,64     ,32768    ,20000  ,32768       ,3.335E+05 ,3.336E+05 ,3.334E+05 ,3.20E+05  ,3.974E+05 ,6.140E+03
memcpy_dev_v32_movsb_v20,rand SPEC2017   ,1       ,0      ,65     ,32768    ,20000  ,32768       ,3.334E+05 ,3.337E+05 ,3.333E+05 ,3.20E+05  ,4.175E+05 ,6.578E+03
memcpy_dev_v32_movsb_v20,rand SPEC2017   ,1       ,0      ,128    ,32768    ,20000  ,32768       ,3.427E+05 ,3.426E+05 ,3.426E+05 ,3.28E+05  ,4.807E+05 ,8.179E+03
memcpy_dev_v32_movsb_v20,rand SPEC2017   ,1       ,0      ,256    ,32768    ,20000  ,32768       ,3.733E+05 ,3.725E+05 ,3.733E+05 ,3.58E+05  ,5.065E+05 ,5.799E+03
memcpy_dev_v32_movsb_v20,rand SPEC2017   ,1       ,32     ,-1     ,32768    ,20000  ,32768       ,3.954E+05 ,3.936E+05 ,3.953E+05 ,3.75E+05  ,5.688E+05 ,9.015E+03
memcpy_dev_v32_movsb_v20,rand SPEC2017   ,1       ,33     ,-1     ,8192     ,80000  ,8192        ,1.118E+05 ,1.117E+05 ,1.117E+05 ,1.07E+05  ,1.889E+05 ,3.845E+03
memcpy_dev_v32_movsb_v20,rand SPEC2017   ,1       ,64     ,-1     ,8192     ,80000  ,8192        ,1.124E+05 ,1.123E+05 ,1.123E+05 ,1.08E+05  ,2.245E+05 ,4.479E+03
memcpy_dev_v32_movsb_v20,rand SPEC2017   ,1       ,65     ,-1     ,8192     ,80000  ,8192        ,1.141E+05 ,1.138E+05 ,1.140E+05 ,1.09E+05  ,1.877E+05 ,4.003E+03
memcpy_dev_v32_movsb_v20,rand SPEC2017   ,1       ,129    ,-1     ,8192     ,80000  ,8192        ,1.171E+05 ,1.169E+05 ,1.170E+05 ,1.12E+05  ,1.848E+05 ,4.166E+03
memcpy_dev_v32_movsb_v20,rand SPEC2017   ,1       ,257    ,-1     ,4096     ,160000 ,4096        ,8.195E+04 ,8.132E+04 ,8.192E+04 ,7.78E+04  ,1.508E+05 ,2.437E+03
memcpy_dev_v32_movsb_v20,rand SPEC2017   ,1       ,0      ,-1     ,65536    ,10000  ,65536       ,9.877E+05 ,9.909E+05 ,9.876E+05 ,9.55E+05  ,1.154E+06 ,1.342E+04
memcpy_dev_v32_movsb_v20,rand SPEC2017   ,2       ,0      ,-1     ,65536    ,10000  ,65536       ,8.743E+05 ,8.755E+05 ,8.742E+05 ,8.40E+05  ,1.098E+06 ,1.287E+04
memcpy_dev_v32_movsb_v20,rand SPEC2017   ,4       ,0      ,-1     ,65536    ,10000  ,65536       ,1.117E+06 ,1.117E+06 ,1.117E+06 ,1.08E+06  ,1.190E+06 ,1.962E+04
memcpy_dev_v32_movsb_v20,rand SPEC2017   ,8       ,0      ,-1     ,65536    ,10000  ,65536       ,1.393E+06 ,1.403E+06 ,1.393E+06 ,1.36E+06  ,1.910E+06 ,2.921E+04
memcpy_dev_v32_movsb_v20,rand SPEC2017   ,16      ,0      ,-1     ,65536    ,10000  ,65536       ,2.415E+06 ,2.402E+06 ,2.415E+06 ,2.32E+06  ,2.648E+06 ,3.031E+04
memcpy_dev_v32_movsb_v20,rand SPEC2017   ,32      ,0      ,-1     ,65536    ,10000  ,65536       ,4.463E+06 ,4.464E+06 ,4.463E+06 ,4.32E+06  ,5.187E+06 ,2.204E+04
memcpy_dev_v32_movsb_v20,rand SPEC2017   ,64      ,0      ,-1     ,65536    ,10000  ,65536       ,9.276E+06 ,9.281E+06 ,9.276E+06 ,9.02E+06  ,1.079E+07 ,5.858E+04
memcpy_dev_v32_movsb_v20,rand SPEC2017   ,128     ,0      ,-1     ,65536    ,10000  ,65536       ,1.918E+07 ,1.918E+07 ,1.918E+07 ,1.88E+07  ,2.510E+07 ,1.995E+05
memcpy_dev_v32_movsb_v20,rand SPEC2017   ,256     ,0      ,-1     ,65536    ,10000  ,65536       ,4.082E+07 ,4.083E+07 ,4.082E+07 ,4.01E+07  ,4.782E+07 ,2.354E+05
memcpy_dev_v32_movsb_v21,rand SPEC2017   ,1       ,16     ,256    ,32768    ,20000  ,32768       ,2.407E+05 ,2.384E+05 ,2.406E+05 ,2.31E+05  ,2.993E+05 ,5.773E+03
memcpy_dev_v32_movsb_v21,rand SPEC2017   ,1       ,32     ,256    ,16384    ,40000  ,16384       ,8.389E+04 ,8.355E+04 ,8.383E+04 ,7.81E+04  ,1.267E+05 ,3.306E+03
memcpy_dev_v32_movsb_v21,rand SPEC2017   ,1       ,33     ,256    ,8192     ,80000  ,8192        ,4.338E+04 ,4.353E+04 ,4.336E+04 ,4.17E+04  ,9.429E+04 ,1.783E+03
memcpy_dev_v32_movsb_v21,rand SPEC2017   ,1       ,16     ,257    ,32768    ,20000  ,32768       ,2.400E+05 ,2.395E+05 ,2.399E+05 ,2.30E+05  ,3.165E+05 ,6.232E+03
memcpy_dev_v32_movsb_v21,rand SPEC2017   ,1       ,32     ,257    ,16384    ,40000  ,16384       ,8.431E+04 ,8.412E+04 ,8.425E+04 ,7.90E+04  ,1.324E+05 ,3.237E+03
memcpy_dev_v32_movsb_v21,rand SPEC2017   ,1       ,33     ,257    ,8192     ,80000  ,8192        ,4.474E+04 ,4.496E+04 ,4.470E+04 ,4.32E+04  ,9.009E+04 ,2.054E+03
memcpy_dev_v32_movsb_v21,rand SPEC2017   ,1       ,0      ,31     ,16384    ,40000  ,16384       ,1.471E+05 ,1.461E+05 ,1.470E+05 ,1.38E+05  ,2.434E+05 ,6.173E+03
memcpy_dev_v32_movsb_v21,rand SPEC2017   ,1       ,0      ,32     ,32768    ,20000  ,32768       ,3.314E+05 ,3.306E+05 ,3.313E+05 ,3.19E+05  ,3.875E+05 ,7.791E+03
memcpy_dev_v32_movsb_v21,rand SPEC2017   ,1       ,0      ,64     ,32768    ,20000  ,32768       ,3.310E+05 ,3.305E+05 ,3.309E+05 ,3.18E+05  ,3.899E+05 ,7.694E+03
memcpy_dev_v32_movsb_v21,rand SPEC2017   ,1       ,0      ,65     ,32768    ,20000  ,32768       ,3.302E+05 ,3.293E+05 ,3.301E+05 ,3.17E+05  ,3.927E+05 ,7.603E+03
memcpy_dev_v32_movsb_v21,rand SPEC2017   ,1       ,0      ,128    ,32768    ,20000  ,32768       ,3.393E+05 ,3.392E+05 ,3.392E+05 ,3.27E+05  ,4.900E+05 ,9.360E+03
memcpy_dev_v32_movsb_v21,rand SPEC2017   ,1       ,0      ,256    ,32768    ,20000  ,32768       ,3.754E+05 ,3.749E+05 ,3.753E+05 ,3.56E+05  ,5.411E+05 ,9.407E+03
memcpy_dev_v32_movsb_v21,rand SPEC2017   ,1       ,32     ,-1     ,32768    ,20000  ,32768       ,3.913E+05 ,3.911E+05 ,3.912E+05 ,3.72E+05  ,4.620E+05 ,7.050E+03
memcpy_dev_v32_movsb_v21,rand SPEC2017   ,1       ,33     ,-1     ,8192     ,80000  ,8192        ,1.070E+05 ,1.066E+05 ,1.069E+05 ,1.01E+05  ,2.015E+05 ,5.240E+03
memcpy_dev_v32_movsb_v21,rand SPEC2017   ,1       ,64     ,-1     ,8192     ,80000  ,8192        ,1.075E+05 ,1.076E+05 ,1.074E+05 ,1.03E+05  ,1.532E+05 ,3.641E+03
memcpy_dev_v32_movsb_v21,rand SPEC2017   ,1       ,65     ,-1     ,8192     ,80000  ,8192        ,1.088E+05 ,1.086E+05 ,1.087E+05 ,1.04E+05  ,2.046E+05 ,4.682E+03
memcpy_dev_v32_movsb_v21,rand SPEC2017   ,1       ,129    ,-1     ,8192     ,80000  ,8192        ,1.180E+05 ,1.171E+05 ,1.179E+05 ,1.12E+05  ,2.159E+05 ,4.661E+03
memcpy_dev_v32_movsb_v21,rand SPEC2017   ,1       ,257    ,-1     ,4096     ,160000 ,4096        ,8.124E+04 ,8.082E+04 ,8.121E+04 ,7.76E+04  ,1.405E+05 ,2.084E+03
memcpy_dev_v32_movsb_v21,rand SPEC2017   ,1       ,0      ,-1     ,65536    ,10000  ,65536       ,9.764E+05 ,9.828E+05 ,9.763E+05 ,9.50E+05  ,1.038E+06 ,1.596E+04
memcpy_dev_v32_movsb_v21,rand SPEC2017   ,2       ,0      ,-1     ,65536    ,10000  ,65536       ,8.605E+05 ,8.643E+05 ,8.604E+05 ,8.34E+05  ,9.231E+05 ,1.478E+04
memcpy_dev_v32_movsb_v21,rand SPEC2017   ,4       ,0      ,-1     ,65536    ,10000  ,65536       ,1.109E+06 ,1.102E+06 ,1.109E+06 ,1.08E+06  ,1.409E+06 ,2.042E+04
memcpy_dev_v32_movsb_v21,rand SPEC2017   ,8       ,0      ,-1     ,65536    ,10000  ,65536       ,1.386E+06 ,1.394E+06 ,1.385E+06 ,1.35E+06  ,1.490E+06 ,1.998E+04
memcpy_dev_v32_movsb_v21,rand SPEC2017   ,16      ,0      ,-1     ,65536    ,10000  ,65536       ,2.385E+06 ,2.374E+06 ,2.385E+06 ,2.31E+06  ,2.866E+06 ,2.792E+04
memcpy_dev_v32_movsb_v21,rand SPEC2017   ,32      ,0      ,-1     ,65536    ,10000  ,65536       ,4.436E+06 ,4.442E+06 ,4.436E+06 ,4.30E+06  ,5.332E+06 ,3.195E+04
memcpy_dev_v32_movsb_v21,rand SPEC2017   ,64      ,0      ,-1     ,65536    ,10000  ,65536       ,9.240E+06 ,9.247E+06 ,9.240E+06 ,9.00E+06  ,1.095E+07 ,6.668E+04
memcpy_dev_v32_movsb_v21,rand SPEC2017   ,128     ,0      ,-1     ,65536    ,10000  ,65536       ,1.901E+07 ,1.901E+07 ,1.901E+07 ,1.86E+07  ,2.319E+07 ,1.512E+05
memcpy_dev_v32_movsb_v21,rand SPEC2017   ,256     ,0      ,-1     ,65536    ,10000  ,65536       ,4.074E+07 ,4.073E+07 ,4.074E+07 ,4.01E+07  ,4.918E+07 ,3.723E+05
memcpy_dev_v32_movsb_v22,rand SPEC2017   ,1       ,16     ,256    ,32768    ,20000  ,32768       ,2.510E+05 ,2.514E+05 ,2.510E+05 ,2.41E+05  ,3.016E+05 ,5.225E+03
memcpy_dev_v32_movsb_v22,rand SPEC2017   ,1       ,32     ,256    ,16384    ,40000  ,16384       ,8.491E+04 ,8.467E+04 ,8.486E+04 ,8.05E+04  ,1.339E+05 ,2.882E+03
memcpy_dev_v32_movsb_v22,rand SPEC2017   ,1       ,33     ,256    ,8192     ,80000  ,8192        ,4.422E+04 ,4.426E+04 ,4.420E+04 ,4.24E+04  ,9.685E+04 ,1.455E+03
memcpy_dev_v32_movsb_v22,rand SPEC2017   ,1       ,16     ,257    ,32768    ,20000  ,32768       ,2.510E+05 ,2.512E+05 ,2.509E+05 ,2.41E+05  ,2.858E+05 ,5.536E+03
memcpy_dev_v32_movsb_v22,rand SPEC2017   ,1       ,32     ,257    ,16384    ,40000  ,16384       ,8.362E+04 ,8.354E+04 ,8.358E+04 ,7.95E+04  ,1.413E+05 ,2.705E+03
memcpy_dev_v32_movsb_v22,rand SPEC2017   ,1       ,33     ,257    ,8192     ,80000  ,8192        ,4.446E+04 ,4.446E+04 ,4.444E+04 ,4.26E+04  ,9.053E+04 ,1.422E+03
memcpy_dev_v32_movsb_v22,rand SPEC2017   ,1       ,0      ,31     ,16384    ,40000  ,16384       ,1.328E+05 ,1.325E+05 ,1.328E+05 ,1.27E+05  ,1.791E+05 ,3.350E+03
memcpy_dev_v32_movsb_v22,rand SPEC2017   ,1       ,0      ,32     ,32768    ,20000  ,32768       ,3.299E+05 ,3.307E+05 ,3.298E+05 ,3.18E+05  ,3.843E+05 ,6.732E+03
memcpy_dev_v32_movsb_v22,rand SPEC2017   ,1       ,0      ,64     ,32768    ,20000  ,32768       ,3.323E+05 ,3.324E+05 ,3.322E+05 ,3.18E+05  ,4.308E+05 ,7.168E+03
memcpy_dev_v32_movsb_v22,rand SPEC2017   ,1       ,0      ,65     ,32768    ,20000  ,32768       ,3.304E+05 ,3.306E+05 ,3.303E+05 ,3.17E+05  ,4.027E+05 ,6.095E+03
memcpy_dev_v32_movsb_v22,rand SPEC2017   ,1       ,0      ,128    ,32768    ,20000  ,32768       ,3.394E+05 ,3.390E+05 ,3.394E+05 ,3.25E+05  ,4.452E+05 ,6.453E+03
memcpy_dev_v32_movsb_v22,rand SPEC2017   ,1       ,0      ,256    ,32768    ,20000  ,32768       ,3.738E+05 ,3.712E+05 ,3.738E+05 ,3.54E+05  ,4.301E+05 ,7.443E+03
memcpy_dev_v32_movsb_v22,rand SPEC2017   ,1       ,32     ,-1     ,32768    ,20000  ,32768       ,3.941E+05 ,3.931E+05 ,3.940E+05 ,3.74E+05  ,4.634E+05 ,6.567E+03
memcpy_dev_v32_movsb_v22,rand SPEC2017   ,1       ,33     ,-1     ,8192     ,80000  ,8192        ,1.101E+05 ,1.099E+05 ,1.100E+05 ,1.05E+05  ,1.945E+05 ,4.000E+03
memcpy_dev_v32_movsb_v22,rand SPEC2017   ,1       ,64     ,-1     ,8192     ,80000  ,8192        ,1.104E+05 ,1.105E+05 ,1.103E+05 ,1.05E+05  ,1.512E+05 ,3.644E+03
memcpy_dev_v32_movsb_v22,rand SPEC2017   ,1       ,65     ,-1     ,8192     ,80000  ,8192        ,1.124E+05 ,1.116E+05 ,1.123E+05 ,1.08E+05  ,1.801E+05 ,3.926E+03
memcpy_dev_v32_movsb_v22,rand SPEC2017   ,1       ,129    ,-1     ,8192     ,80000  ,8192        ,1.167E+05 ,1.157E+05 ,1.166E+05 ,1.12E+05  ,1.639E+05 ,4.201E+03
memcpy_dev_v32_movsb_v22,rand SPEC2017   ,1       ,257    ,-1     ,4096     ,160000 ,4096        ,8.200E+04 ,8.151E+04 ,8.197E+04 ,7.81E+04  ,1.441E+05 ,2.133E+03
memcpy_dev_v32_movsb_v22,rand SPEC2017   ,1       ,0      ,-1     ,65536    ,10000  ,65536       ,9.829E+05 ,9.855E+05 ,9.828E+05 ,9.50E+05  ,1.087E+06 ,1.372E+04
memcpy_dev_v32_movsb_v22,rand SPEC2017   ,2       ,0      ,-1     ,65536    ,10000  ,65536       ,8.713E+05 ,8.732E+05 ,8.712E+05 ,8.39E+05  ,9.349E+05 ,1.333E+04
memcpy_dev_v32_movsb_v22,rand SPEC2017   ,4       ,0      ,-1     ,65536    ,10000  ,65536       ,1.111E+06 ,1.116E+06 ,1.110E+06 ,1.08E+06  ,1.260E+06 ,1.920E+04
memcpy_dev_v32_movsb_v22,rand SPEC2017   ,8       ,0      ,-1     ,65536    ,10000  ,65536       ,1.395E+06 ,1.403E+06 ,1.394E+06 ,1.35E+06  ,1.844E+06 ,2.517E+04
memcpy_dev_v32_movsb_v22,rand SPEC2017   ,16      ,0      ,-1     ,65536    ,10000  ,65536       ,2.403E+06 ,2.384E+06 ,2.403E+06 ,2.36E+06  ,3.514E+06 ,4.955E+04
memcpy_dev_v32_movsb_v22,rand SPEC2017   ,32      ,0      ,-1     ,65536    ,10000  ,65536       ,4.456E+06 ,4.457E+06 ,4.456E+06 ,4.32E+06  ,5.683E+06 ,3.170E+04
memcpy_dev_v32_movsb_v22,rand SPEC2017   ,64      ,0      ,-1     ,65536    ,10000  ,65536       ,9.290E+06 ,9.297E+06 ,9.289E+06 ,9.03E+06  ,1.210E+07 ,7.279E+04
memcpy_dev_v32_movsb_v22,rand SPEC2017   ,128     ,0      ,-1     ,65536    ,10000  ,65536       ,1.937E+07 ,1.937E+07 ,1.937E+07 ,1.90E+07  ,2.193E+07 ,1.153E+05
memcpy_dev_v32_movsb_v22,rand SPEC2017   ,256     ,0      ,-1     ,65536    ,10000  ,65536       ,4.068E+07 ,4.068E+07 ,4.068E+07 ,4.00E+07  ,4.414E+07 ,1.867E+05
memcpy_glibc_v32_movsb  ,rand SPEC2017   ,1       ,16     ,256    ,32768    ,20000  ,32768       ,2.610E+05 ,2.604E+05 ,2.608E+05 ,2.48E+05  ,3.922E+05 ,8.596E+03
memcpy_glibc_v32_movsb  ,rand SPEC2017   ,1       ,32     ,256    ,16384    ,40000  ,16384       ,8.613E+04 ,8.576E+04 ,8.610E+04 ,8.15E+04  ,1.391E+05 ,2.078E+03
memcpy_glibc_v32_movsb  ,rand SPEC2017   ,1       ,33     ,256    ,8192     ,80000  ,8192        ,4.498E+04 ,4.436E+04 ,4.493E+04 ,4.36E+04  ,9.118E+04 ,2.594E+03
memcpy_glibc_v32_movsb  ,rand SPEC2017   ,1       ,16     ,257    ,32768    ,20000  ,32768       ,2.601E+05 ,2.599E+05 ,2.600E+05 ,2.49E+05  ,3.222E+05 ,6.083E+03
memcpy_glibc_v32_movsb  ,rand SPEC2017   ,1       ,32     ,257    ,16384    ,40000  ,16384       ,8.521E+04 ,8.516E+04 ,8.518E+04 ,8.05E+04  ,1.191E+05 ,2.258E+03
memcpy_glibc_v32_movsb  ,rand SPEC2017   ,1       ,33     ,257    ,8192     ,80000  ,8192        ,4.540E+04 ,4.513E+04 ,4.538E+04 ,4.32E+04  ,1.108E+05 ,1.622E+03
memcpy_glibc_v32_movsb  ,rand SPEC2017   ,1       ,0      ,31     ,16384    ,40000  ,16384       ,1.590E+05 ,1.588E+05 ,1.589E+05 ,1.45E+05  ,4.286E+05 ,5.809E+03
memcpy_glibc_v32_movsb  ,rand SPEC2017   ,1       ,0      ,32     ,32768    ,20000  ,32768       ,3.380E+05 ,3.378E+05 ,3.380E+05 ,3.23E+05  ,4.073E+05 ,7.042E+03
memcpy_glibc_v32_movsb  ,rand SPEC2017   ,1       ,0      ,64     ,32768    ,20000  ,32768       ,3.398E+05 ,3.396E+05 ,3.397E+05 ,3.24E+05  ,4.332E+05 ,7.033E+03
memcpy_glibc_v32_movsb  ,rand SPEC2017   ,1       ,0      ,65     ,32768    ,20000  ,32768       ,3.384E+05 ,3.380E+05 ,3.384E+05 ,3.23E+05  ,4.068E+05 ,6.361E+03
memcpy_glibc_v32_movsb  ,rand SPEC2017   ,1       ,0      ,128    ,32768    ,20000  ,32768       ,3.442E+05 ,3.443E+05 ,3.442E+05 ,3.30E+05  ,3.984E+05 ,6.071E+03
memcpy_glibc_v32_movsb  ,rand SPEC2017   ,1       ,0      ,256    ,32768    ,20000  ,32768       ,3.825E+05 ,3.801E+05 ,3.824E+05 ,3.74E+05  ,4.561E+05 ,6.610E+03
memcpy_glibc_v32_movsb  ,rand SPEC2017   ,1       ,32     ,-1     ,32768    ,20000  ,32768       ,4.084E+05 ,4.056E+05 ,4.083E+05 ,3.91E+05  ,5.412E+05 ,9.332E+03
memcpy_glibc_v32_movsb  ,rand SPEC2017   ,1       ,33     ,-1     ,8192     ,80000  ,8192        ,1.196E+05 ,1.188E+05 ,1.196E+05 ,1.13E+05  ,1.981E+05 ,3.508E+03
memcpy_glibc_v32_movsb  ,rand SPEC2017   ,1       ,64     ,-1     ,8192     ,80000  ,8192        ,1.205E+05 ,1.197E+05 ,1.205E+05 ,1.13E+05  ,1.958E+05 ,4.320E+03
memcpy_glibc_v32_movsb  ,rand SPEC2017   ,1       ,65     ,-1     ,8192     ,80000  ,8192        ,1.217E+05 ,1.211E+05 ,1.217E+05 ,1.14E+05  ,1.625E+05 ,3.964E+03
memcpy_glibc_v32_movsb  ,rand SPEC2017   ,1       ,129    ,-1     ,8192     ,80000  ,8192        ,1.311E+05 ,1.307E+05 ,1.310E+05 ,1.25E+05  ,2.597E+05 ,5.392E+03
memcpy_glibc_v32_movsb  ,rand SPEC2017   ,1       ,257    ,-1     ,4096     ,160000 ,4096        ,6.713E+04 ,6.666E+04 ,6.710E+04 ,6.42E+04  ,1.149E+05 ,1.942E+03
memcpy_glibc_v32_movsb  ,rand SPEC2017   ,1       ,0      ,-1     ,65536    ,10000  ,65536       ,1.015E+06 ,1.016E+06 ,1.015E+06 ,9.78E+05  ,1.401E+06 ,1.796E+04
memcpy_glibc_v32_movsb  ,rand SPEC2017   ,2       ,0      ,-1     ,65536    ,10000  ,65536       ,9.081E+05 ,9.083E+05 ,9.080E+05 ,8.71E+05  ,1.041E+06 ,1.317E+04
memcpy_glibc_v32_movsb  ,rand SPEC2017   ,4       ,0      ,-1     ,65536    ,10000  ,65536       ,1.168E+06 ,1.171E+06 ,1.168E+06 ,1.12E+06  ,1.486E+06 ,1.726E+04
memcpy_glibc_v32_movsb  ,rand SPEC2017   ,8       ,0      ,-1     ,65536    ,10000  ,65536       ,1.440E+06 ,1.441E+06 ,1.440E+06 ,1.39E+06  ,1.905E+06 ,1.683E+04
memcpy_glibc_v32_movsb  ,rand SPEC2017   ,16      ,0      ,-1     ,65536    ,10000  ,65536       ,2.503E+06 ,2.502E+06 ,2.503E+06 ,2.44E+06  ,3.102E+06 ,3.929E+04
memcpy_glibc_v32_movsb  ,rand SPEC2017   ,32      ,0      ,-1     ,65536    ,10000  ,65536       ,4.573E+06 ,4.569E+06 ,4.573E+06 ,4.44E+06  ,6.719E+06 ,4.460E+04
memcpy_glibc_v32_movsb  ,rand SPEC2017   ,64      ,0      ,-1     ,65536    ,10000  ,65536       ,9.451E+06 ,9.451E+06 ,9.450E+06 ,9.20E+06  ,1.364E+07 ,1.092E+05
memcpy_glibc_v32_movsb  ,rand SPEC2017   ,128     ,0      ,-1     ,65536    ,10000  ,65536       ,1.920E+07 ,1.920E+07 ,1.920E+07 ,1.89E+07  ,2.503E+07 ,1.313E+05
memcpy_glibc_v32_movsb  ,rand SPEC2017   ,256     ,0      ,-1     ,65536    ,10000  ,65536       ,4.033E+07 ,4.033E+07 ,4.033E+07 ,3.97E+07  ,4.943E+07 ,2.575E+05
memcpy_dev_v32_movsb_v19,rand SPEC2017   ,1       ,16     ,256    ,32768    ,20000  ,32768       ,2.530E+05 ,2.530E+05 ,2.530E+05 ,2.43E+05  ,3.017E+05 ,5.197E+03
memcpy_dev_v32_movsb_v19,rand SPEC2017   ,1       ,32     ,256    ,16384    ,40000  ,16384       ,8.454E+04 ,8.391E+04 ,8.451E+04 ,8.18E+04  ,1.289E+05 ,2.521E+03
memcpy_dev_v32_movsb_v19,rand SPEC2017   ,1       ,33     ,256    ,8192     ,80000  ,8192        ,4.369E+04 ,4.372E+04 ,4.367E+04 ,4.19E+04  ,8.173E+04 ,1.559E+03
memcpy_dev_v32_movsb_v19,rand SPEC2017   ,1       ,16     ,257    ,32768    ,20000  ,32768       ,2.518E+05 ,2.520E+05 ,2.517E+05 ,2.40E+05  ,3.415E+05 ,5.586E+03
memcpy_dev_v32_movsb_v19,rand SPEC2017   ,1       ,32     ,257    ,16384    ,40000  ,16384       ,8.392E+04 ,8.343E+04 ,8.389E+04 ,8.01E+04  ,1.419E+05 ,2.057E+03
memcpy_dev_v32_movsb_v19,rand SPEC2017   ,1       ,33     ,257    ,8192     ,80000  ,8192        ,4.511E+04 ,4.501E+04 ,4.510E+04 ,4.30E+04  ,8.138E+04 ,1.142E+03
memcpy_dev_v32_movsb_v19,rand SPEC2017   ,1       ,0      ,31     ,16384    ,40000  ,16384       ,1.344E+05 ,1.342E+05 ,1.343E+05 ,1.27E+05  ,2.137E+05 ,4.022E+03
memcpy_dev_v32_movsb_v19,rand SPEC2017   ,1       ,0      ,32     ,32768    ,20000  ,32768       ,3.343E+05 ,3.333E+05 ,3.342E+05 ,3.18E+05  ,4.724E+05 ,7.306E+03
memcpy_dev_v32_movsb_v19,rand SPEC2017   ,1       ,0      ,64     ,32768    ,20000  ,32768       ,3.327E+05 ,3.320E+05 ,3.327E+05 ,3.18E+05  ,4.557E+05 ,6.416E+03
memcpy_dev_v32_movsb_v19,rand SPEC2017   ,1       ,0      ,65     ,32768    ,20000  ,32768       ,3.327E+05 ,3.324E+05 ,3.327E+05 ,3.19E+05  ,4.548E+05 ,6.262E+03
memcpy_dev_v32_movsb_v19,rand SPEC2017   ,1       ,0      ,128    ,32768    ,20000  ,32768       ,3.405E+05 ,3.403E+05 ,3.404E+05 ,3.27E+05  ,4.864E+05 ,6.549E+03
memcpy_dev_v32_movsb_v19,rand SPEC2017   ,1       ,0      ,256    ,32768    ,20000  ,32768       ,3.702E+05 ,3.677E+05 ,3.702E+05 ,3.56E+05  ,4.304E+05 ,6.671E+03
memcpy_dev_v32_movsb_v19,rand SPEC2017   ,1       ,32     ,-1     ,32768    ,20000  ,32768       ,3.973E+05 ,3.959E+05 ,3.973E+05 ,3.76E+05  ,5.341E+05 ,7.650E+03
memcpy_dev_v32_movsb_v19,rand SPEC2017   ,1       ,33     ,-1     ,8192     ,80000  ,8192        ,1.104E+05 ,1.104E+05 ,1.103E+05 ,1.05E+05  ,1.638E+05 ,3.525E+03
memcpy_dev_v32_movsb_v19,rand SPEC2017   ,1       ,64     ,-1     ,8192     ,80000  ,8192        ,1.118E+05 ,1.117E+05 ,1.117E+05 ,1.07E+05  ,1.829E+05 ,3.847E+03
memcpy_dev_v32_movsb_v19,rand SPEC2017   ,1       ,65     ,-1     ,8192     ,80000  ,8192        ,1.137E+05 ,1.139E+05 ,1.137E+05 ,1.09E+05  ,1.535E+05 ,3.354E+03
memcpy_dev_v32_movsb_v19,rand SPEC2017   ,1       ,129    ,-1     ,8192     ,80000  ,8192        ,1.182E+05 ,1.182E+05 ,1.181E+05 ,1.13E+05  ,1.778E+05 ,4.125E+03
memcpy_dev_v32_movsb_v19,rand SPEC2017   ,1       ,257    ,-1     ,4096     ,160000 ,4096        ,8.334E+04 ,8.244E+04 ,8.329E+04 ,8.05E+04  ,1.453E+05 ,3.143E+03
memcpy_dev_v32_movsb_v19,rand SPEC2017   ,1       ,0      ,-1     ,65536    ,10000  ,65536       ,9.896E+05 ,9.904E+05 ,9.895E+05 ,9.54E+05  ,1.050E+06 ,1.064E+04
memcpy_dev_v32_movsb_v19,rand SPEC2017   ,2       ,0      ,-1     ,65536    ,10000  ,65536       ,8.779E+05 ,8.784E+05 ,8.778E+05 ,8.44E+05  ,9.352E+05 ,1.137E+04
memcpy_dev_v32_movsb_v19,rand SPEC2017   ,4       ,0      ,-1     ,65536    ,10000  ,65536       ,1.122E+06 ,1.125E+06 ,1.122E+06 ,1.08E+06  ,1.432E+06 ,1.796E+04
memcpy_dev_v32_movsb_v19,rand SPEC2017   ,8       ,0      ,-1     ,65536    ,10000  ,65536       ,1.402E+06 ,1.407E+06 ,1.402E+06 ,1.36E+06  ,2.075E+06 ,2.836E+04
memcpy_dev_v32_movsb_v19,rand SPEC2017   ,16      ,0      ,-1     ,65536    ,10000  ,65536       ,2.406E+06 ,2.389E+06 ,2.406E+06 ,2.37E+06  ,3.688E+06 ,4.467E+04
memcpy_dev_v32_movsb_v19,rand SPEC2017   ,32      ,0      ,-1     ,65536    ,10000  ,65536       ,4.449E+06 ,4.448E+06 ,4.449E+06 ,4.32E+06  ,5.740E+06 ,3.092E+04
memcpy_dev_v32_movsb_v19,rand SPEC2017   ,64      ,0      ,-1     ,65536    ,10000  ,65536       ,9.274E+06 ,9.279E+06 ,9.274E+06 ,9.01E+06  ,1.287E+07 ,7.590E+04
memcpy_dev_v32_movsb_v19,rand SPEC2017   ,128     ,0      ,-1     ,65536    ,10000  ,65536       ,1.926E+07 ,1.925E+07 ,1.926E+07 ,1.89E+07  ,2.609E+07 ,2.770E+05
memcpy_dev_v32_movsb_v19,rand SPEC2017   ,256     ,0      ,-1     ,65536    ,10000  ,65536       ,4.056E+07 ,4.056E+07 ,4.056E+07 ,4.00E+07  ,4.840E+07 ,2.497E+05
memcpy_dev_v32_movsb_v20,rand SPEC2017   ,1       ,16     ,256    ,32768    ,20000  ,32768       ,2.508E+05 ,2.505E+05 ,2.508E+05 ,2.41E+05  ,3.300E+05 ,4.439E+03
memcpy_dev_v32_movsb_v20,rand SPEC2017   ,1       ,32     ,256    ,16384    ,40000  ,16384       ,8.424E+04 ,8.327E+04 ,8.417E+04 ,8.03E+04  ,1.539E+05 ,3.728E+03
memcpy_dev_v32_movsb_v20,rand SPEC2017   ,1       ,33     ,256    ,8192     ,80000  ,8192        ,4.546E+04 ,4.522E+04 ,4.544E+04 ,4.32E+04  ,8.443E+04 ,1.449E+03
memcpy_dev_v32_movsb_v20,rand SPEC2017   ,1       ,16     ,257    ,32768    ,20000  ,32768       ,2.509E+05 ,2.501E+05 ,2.508E+05 ,2.39E+05  ,3.673E+05 ,6.991E+03
memcpy_dev_v32_movsb_v20,rand SPEC2017   ,1       ,32     ,257    ,16384    ,40000  ,16384       ,8.360E+04 ,8.307E+04 ,8.357E+04 ,7.92E+04  ,1.422E+05 ,2.466E+03
memcpy_dev_v32_movsb_v20,rand SPEC2017   ,1       ,33     ,257    ,8192     ,80000  ,8192        ,4.464E+04 ,4.451E+04 ,4.462E+04 ,4.26E+04  ,7.268E+04 ,1.192E+03
memcpy_dev_v32_movsb_v20,rand SPEC2017   ,1       ,0      ,31     ,16384    ,40000  ,16384       ,1.492E+05 ,1.485E+05 ,1.491E+05 ,1.38E+05  ,2.131E+05 ,5.470E+03
memcpy_dev_v32_movsb_v20,rand SPEC2017   ,1       ,0      ,32     ,32768    ,20000  ,32768       ,3.370E+05 ,3.347E+05 ,3.370E+05 ,3.28E+05  ,4.288E+05 ,6.539E+03
memcpy_dev_v32_movsb_v20,rand SPEC2017   ,1       ,0      ,64     ,32768    ,20000  ,32768       ,3.375E+05 ,3.359E+05 ,3.375E+05 ,3.21E+05  ,4.539E+05 ,5.948E+03
memcpy_dev_v32_movsb_v20,rand SPEC2017   ,1       ,0      ,65     ,32768    ,20000  ,32768       ,3.364E+05 ,3.344E+05 ,3.363E+05 ,3.22E+05  ,4.814E+05 ,6.428E+03
memcpy_dev_v32_movsb_v20,rand SPEC2017   ,1       ,0      ,128    ,32768    ,20000  ,32768       ,3.429E+05 ,3.420E+05 ,3.428E+05 ,3.28E+05  ,4.334E+05 ,5.286E+03
memcpy_dev_v32_movsb_v20,rand SPEC2017   ,1       ,0      ,256    ,32768    ,20000  ,32768       ,3.732E+05 ,3.699E+05 ,3.731E+05 ,3.64E+05  ,4.200E+05 ,7.368E+03
memcpy_dev_v32_movsb_v20,rand SPEC2017   ,1       ,32     ,-1     ,32768    ,20000  ,32768       ,4.007E+05 ,3.982E+05 ,4.006E+05 ,3.87E+05  ,5.438E+05 ,9.345E+03
memcpy_dev_v32_movsb_v20,rand SPEC2017   ,1       ,33     ,-1     ,8192     ,80000  ,8192        ,1.109E+05 ,1.110E+05 ,1.109E+05 ,1.06E+05  ,1.522E+05 ,3.142E+03
memcpy_dev_v32_movsb_v20,rand SPEC2017   ,1       ,64     ,-1     ,8192     ,80000  ,8192        ,1.126E+05 ,1.124E+05 ,1.125E+05 ,1.07E+05  ,1.614E+05 ,3.500E+03
memcpy_dev_v32_movsb_v20,rand SPEC2017   ,1       ,65     ,-1     ,8192     ,80000  ,8192        ,1.160E+05 ,1.160E+05 ,1.159E+05 ,1.11E+05  ,2.287E+05 ,4.250E+03
memcpy_dev_v32_movsb_v20,rand SPEC2017   ,1       ,129    ,-1     ,8192     ,80000  ,8192        ,1.179E+05 ,1.178E+05 ,1.179E+05 ,1.13E+05  ,1.609E+05 ,3.794E+03
memcpy_dev_v32_movsb_v20,rand SPEC2017   ,1       ,257    ,-1     ,4096     ,160000 ,4096        ,8.303E+04 ,8.220E+04 ,8.297E+04 ,7.99E+04  ,1.574E+05 ,3.492E+03
memcpy_dev_v32_movsb_v20,rand SPEC2017   ,1       ,0      ,-1     ,65536    ,10000  ,65536       ,9.934E+05 ,9.930E+05 ,9.934E+05 ,9.59E+05  ,1.211E+06 ,1.017E+04
memcpy_dev_v32_movsb_v20,rand SPEC2017   ,2       ,0      ,-1     ,65536    ,10000  ,65536       ,8.804E+05 ,8.776E+05 ,8.804E+05 ,8.44E+05  ,9.582E+05 ,1.088E+04
memcpy_dev_v32_movsb_v20,rand SPEC2017   ,4       ,0      ,-1     ,65536    ,10000  ,65536       ,1.122E+06 ,1.123E+06 ,1.122E+06 ,1.08E+06  ,1.473E+06 ,1.694E+04
memcpy_dev_v32_movsb_v20,rand SPEC2017   ,8       ,0      ,-1     ,65536    ,10000  ,65536       ,1.406E+06 ,1.404E+06 ,1.406E+06 ,1.35E+06  ,1.984E+06 ,2.530E+04
memcpy_dev_v32_movsb_v20,rand SPEC2017   ,16      ,0      ,-1     ,65536    ,10000  ,65536       ,2.427E+06 ,2.422E+06 ,2.427E+06 ,2.37E+06  ,3.782E+06 ,4.624E+04
memcpy_dev_v32_movsb_v20,rand SPEC2017   ,32      ,0      ,-1     ,65536    ,10000  ,65536       ,4.462E+06 ,4.461E+06 ,4.462E+06 ,4.32E+06  ,5.284E+06 ,2.967E+04
memcpy_dev_v32_movsb_v20,rand SPEC2017   ,64      ,0      ,-1     ,65536    ,10000  ,65536       ,9.282E+06 ,9.286E+06 ,9.281E+06 ,9.06E+06  ,1.157E+07 ,6.407E+04
memcpy_dev_v32_movsb_v20,rand SPEC2017   ,128     ,0      ,-1     ,65536    ,10000  ,65536       ,1.916E+07 ,1.915E+07 ,1.916E+07 ,1.88E+07  ,2.498E+07 ,2.298E+05
memcpy_dev_v32_movsb_v20,rand SPEC2017   ,256     ,0      ,-1     ,65536    ,10000  ,65536       ,4.062E+07 ,4.061E+07 ,4.062E+07 ,4.01E+07  ,4.757E+07 ,2.864E+05
memcpy_dev_v32_movsb_v21,rand SPEC2017   ,1       ,16     ,256    ,32768    ,20000  ,32768       ,2.425E+05 ,2.424E+05 ,2.425E+05 ,2.30E+05  ,2.812E+05 ,5.263E+03
memcpy_dev_v32_movsb_v21,rand SPEC2017   ,1       ,32     ,256    ,16384    ,40000  ,16384       ,8.664E+04 ,8.680E+04 ,8.655E+04 ,7.95E+04  ,1.636E+05 ,4.235E+03
memcpy_dev_v32_movsb_v21,rand SPEC2017   ,1       ,33     ,256    ,8192     ,80000  ,8192        ,4.400E+04 ,4.385E+04 ,4.398E+04 ,4.21E+04  ,7.852E+04 ,1.273E+03
memcpy_dev_v32_movsb_v21,rand SPEC2017   ,1       ,16     ,257    ,32768    ,20000  ,32768       ,2.415E+05 ,2.417E+05 ,2.414E+05 ,2.30E+05  ,2.765E+05 ,5.803E+03
memcpy_dev_v32_movsb_v21,rand SPEC2017   ,1       ,32     ,257    ,16384    ,40000  ,16384       ,8.451E+04 ,8.389E+04 ,8.445E+04 ,7.92E+04  ,1.205E+05 ,3.322E+03
memcpy_dev_v32_movsb_v21,rand SPEC2017   ,1       ,33     ,257    ,8192     ,80000  ,8192        ,4.425E+04 ,4.435E+04 ,4.422E+04 ,4.24E+04  ,7.951E+04 ,1.776E+03
memcpy_dev_v32_movsb_v21,rand SPEC2017   ,1       ,0      ,31     ,16384    ,40000  ,16384       ,1.468E+05 ,1.462E+05 ,1.467E+05 ,1.36E+05  ,2.226E+05 ,5.118E+03
memcpy_dev_v32_movsb_v21,rand SPEC2017   ,1       ,0      ,32     ,32768    ,20000  ,32768       ,3.358E+05 ,3.345E+05 ,3.356E+05 ,3.19E+05  ,4.949E+05 ,1.115E+04
memcpy_dev_v32_movsb_v21,rand SPEC2017   ,1       ,0      ,64     ,32768    ,20000  ,32768       ,3.338E+05 ,3.333E+05 ,3.337E+05 ,3.18E+05  ,5.056E+05 ,8.774E+03
memcpy_dev_v32_movsb_v21,rand SPEC2017   ,1       ,0      ,65     ,32768    ,20000  ,32768       ,3.348E+05 ,3.341E+05 ,3.347E+05 ,3.19E+05  ,4.976E+05 ,9.243E+03
memcpy_dev_v32_movsb_v21,rand SPEC2017   ,1       ,0      ,128    ,32768    ,20000  ,32768       ,3.406E+05 ,3.401E+05 ,3.405E+05 ,3.26E+05  ,3.879E+05 ,5.506E+03
memcpy_dev_v32_movsb_v21,rand SPEC2017   ,1       ,0      ,256    ,32768    ,20000  ,32768       ,3.785E+05 ,3.773E+05 ,3.784E+05 ,3.58E+05  ,5.484E+05 ,9.596E+03
memcpy_dev_v32_movsb_v21,rand SPEC2017   ,1       ,32     ,-1     ,32768    ,20000  ,32768       ,3.917E+05 ,3.910E+05 ,3.916E+05 ,3.71E+05  ,4.449E+05 ,6.106E+03
memcpy_dev_v32_movsb_v21,rand SPEC2017   ,1       ,33     ,-1     ,8192     ,80000  ,8192        ,1.065E+05 ,1.065E+05 ,1.065E+05 ,1.01E+05  ,1.514E+05 ,3.332E+03
memcpy_dev_v32_movsb_v21,rand SPEC2017   ,1       ,64     ,-1     ,8192     ,80000  ,8192        ,1.085E+05 ,1.083E+05 ,1.084E+05 ,1.03E+05  ,1.834E+05 ,3.816E+03
memcpy_dev_v32_movsb_v21,rand SPEC2017   ,1       ,65     ,-1     ,8192     ,80000  ,8192        ,1.089E+05 ,1.088E+05 ,1.088E+05 ,1.04E+05  ,1.687E+05 ,3.615E+03
memcpy_dev_v32_movsb_v21,rand SPEC2017   ,1       ,129    ,-1     ,8192     ,80000  ,8192        ,1.182E+05 ,1.181E+05 ,1.182E+05 ,1.12E+05  ,2.055E+05 ,4.496E+03
memcpy_dev_v32_movsb_v21,rand SPEC2017   ,1       ,257    ,-1     ,4096     ,160000 ,4096        ,8.235E+04 ,8.151E+04 ,8.229E+04 ,7.96E+04  ,1.500E+05 ,3.120E+03
memcpy_dev_v32_movsb_v21,rand SPEC2017   ,1       ,0      ,-1     ,65536    ,10000  ,65536       ,9.860E+05 ,9.873E+05 ,9.859E+05 ,9.51E+05  ,1.056E+06 ,1.139E+04
memcpy_dev_v32_movsb_v21,rand SPEC2017   ,2       ,0      ,-1     ,65536    ,10000  ,65536       ,8.662E+05 ,8.683E+05 ,8.661E+05 ,8.34E+05  ,9.285E+05 ,1.204E+04
memcpy_dev_v32_movsb_v21,rand SPEC2017   ,4       ,0      ,-1     ,65536    ,10000  ,65536       ,1.118E+06 ,1.124E+06 ,1.118E+06 ,1.08E+06  ,1.415E+06 ,1.862E+04
memcpy_dev_v32_movsb_v21,rand SPEC2017   ,8       ,0      ,-1     ,65536    ,10000  ,65536       ,1.393E+06 ,1.399E+06 ,1.393E+06 ,1.35E+06  ,1.495E+06 ,1.887E+04
memcpy_dev_v32_movsb_v21,rand SPEC2017   ,16      ,0      ,-1     ,65536    ,10000  ,65536       ,2.403E+06 ,2.382E+06 ,2.403E+06 ,2.36E+06  ,2.675E+06 ,3.450E+04
memcpy_dev_v32_movsb_v21,rand SPEC2017   ,32      ,0      ,-1     ,65536    ,10000  ,65536       ,4.450E+06 ,4.447E+06 ,4.450E+06 ,4.32E+06  ,5.357E+06 ,3.527E+04
memcpy_dev_v32_movsb_v21,rand SPEC2017   ,64      ,0      ,-1     ,65536    ,10000  ,65536       ,9.274E+06 ,9.278E+06 ,9.273E+06 ,9.09E+06  ,1.247E+07 ,8.611E+04
memcpy_dev_v32_movsb_v21,rand SPEC2017   ,128     ,0      ,-1     ,65536    ,10000  ,65536       ,1.920E+07 ,1.920E+07 ,1.920E+07 ,1.89E+07  ,2.508E+07 ,1.132E+05
memcpy_dev_v32_movsb_v21,rand SPEC2017   ,256     ,0      ,-1     ,65536    ,10000  ,65536       ,4.066E+07 ,4.065E+07 ,4.066E+07 ,4.01E+07  ,4.810E+07 ,2.646E+05
memcpy_dev_v32_movsb_v22,rand SPEC2017   ,1       ,16     ,256    ,32768    ,20000  ,32768       ,2.531E+05 ,2.525E+05 ,2.530E+05 ,2.41E+05  ,4.576E+05 ,6.421E+03
memcpy_dev_v32_movsb_v22,rand SPEC2017   ,1       ,32     ,256    ,16384    ,40000  ,16384       ,8.475E+04 ,8.419E+04 ,8.471E+04 ,8.05E+04  ,1.879E+05 ,2.674E+03
memcpy_dev_v32_movsb_v22,rand SPEC2017   ,1       ,33     ,256    ,8192     ,80000  ,8192        ,4.549E+04 ,4.535E+04 ,4.547E+04 ,4.33E+04  ,9.730E+04 ,1.576E+03
memcpy_dev_v32_movsb_v22,rand SPEC2017   ,1       ,16     ,257    ,32768    ,20000  ,32768       ,2.542E+05 ,2.539E+05 ,2.541E+05 ,2.43E+05  ,4.301E+05 ,7.662E+03
memcpy_dev_v32_movsb_v22,rand SPEC2017   ,1       ,32     ,257    ,16384    ,40000  ,16384       ,8.447E+04 ,8.404E+04 ,8.444E+04 ,7.99E+04  ,1.796E+05 ,2.516E+03
memcpy_dev_v32_movsb_v22,rand SPEC2017   ,1       ,33     ,257    ,8192     ,80000  ,8192        ,4.569E+04 ,4.550E+04 ,4.567E+04 ,4.35E+04  ,9.473E+04 ,1.421E+03
memcpy_dev_v32_movsb_v22,rand SPEC2017   ,1       ,0      ,31     ,16384    ,40000  ,16384       ,1.329E+05 ,1.325E+05 ,1.328E+05 ,1.27E+05  ,2.755E+05 ,4.351E+03
memcpy_dev_v32_movsb_v22,rand SPEC2017   ,1       ,0      ,32     ,32768    ,20000  ,32768       ,3.347E+05 ,3.342E+05 ,3.346E+05 ,3.19E+05  ,6.239E+05 ,6.568E+03
memcpy_dev_v32_movsb_v22,rand SPEC2017   ,1       ,0      ,64     ,32768    ,20000  ,32768       ,3.345E+05 ,3.329E+05 ,3.345E+05 ,3.17E+05  ,5.654E+05 ,6.544E+03
memcpy_dev_v32_movsb_v22,rand SPEC2017   ,1       ,0      ,65     ,32768    ,20000  ,32768       ,3.336E+05 ,3.326E+05 ,3.336E+05 ,3.19E+05  ,5.371E+05 ,5.683E+03
memcpy_dev_v32_movsb_v22,rand SPEC2017   ,1       ,0      ,128    ,32768    ,20000  ,32768       ,3.417E+05 ,3.403E+05 ,3.416E+05 ,3.26E+05  ,5.551E+05 ,7.362E+03
memcpy_dev_v32_movsb_v22,rand SPEC2017   ,1       ,0      ,256    ,32768    ,20000  ,32768       ,3.732E+05 ,3.714E+05 ,3.732E+05 ,3.58E+05  ,6.132E+05 ,7.263E+03
memcpy_dev_v32_movsb_v22,rand SPEC2017   ,1       ,32     ,-1     ,32768    ,20000  ,32768       ,3.959E+05 ,3.939E+05 ,3.958E+05 ,3.78E+05  ,6.585E+05 ,8.385E+03
memcpy_dev_v32_movsb_v22,rand SPEC2017   ,1       ,33     ,-1     ,8192     ,80000  ,8192        ,1.101E+05 ,1.102E+05 ,1.101E+05 ,1.05E+05  ,2.191E+05 ,3.717E+03
memcpy_dev_v32_movsb_v22,rand SPEC2017   ,1       ,64     ,-1     ,8192     ,80000  ,8192        ,1.116E+05 ,1.113E+05 ,1.116E+05 ,1.06E+05  ,1.834E+05 ,3.637E+03
memcpy_dev_v32_movsb_v22,rand SPEC2017   ,1       ,65     ,-1     ,8192     ,80000  ,8192        ,1.137E+05 ,1.135E+05 ,1.136E+05 ,1.08E+05  ,2.068E+05 ,4.497E+03
memcpy_dev_v32_movsb_v22,rand SPEC2017   ,1       ,129    ,-1     ,8192     ,80000  ,8192        ,1.183E+05 ,1.182E+05 ,1.183E+05 ,1.13E+05  ,2.204E+05 ,3.778E+03
memcpy_dev_v32_movsb_v22,rand SPEC2017   ,1       ,257    ,-1     ,4096     ,160000 ,4096        ,8.257E+04 ,8.159E+04 ,8.252E+04 ,8.00E+04  ,1.495E+05 ,3.085E+03
memcpy_dev_v32_movsb_v22,rand SPEC2017   ,1       ,0      ,-1     ,65536    ,10000  ,65536       ,9.924E+05 ,9.922E+05 ,9.923E+05 ,9.53E+05  ,1.315E+06 ,1.567E+04
memcpy_dev_v32_movsb_v22,rand SPEC2017   ,2       ,0      ,-1     ,65536    ,10000  ,65536       ,8.742E+05 ,8.744E+05 ,8.741E+05 ,8.39E+05  ,9.481E+05 ,1.223E+04
memcpy_dev_v32_movsb_v22,rand SPEC2017   ,4       ,0      ,-1     ,65536    ,10000  ,65536       ,1.118E+06 ,1.120E+06 ,1.117E+06 ,1.08E+06  ,1.241E+06 ,1.477E+04
memcpy_dev_v32_movsb_v22,rand SPEC2017   ,8       ,0      ,-1     ,65536    ,10000  ,65536       ,1.395E+06 ,1.403E+06 ,1.395E+06 ,1.35E+06  ,1.624E+06 ,2.028E+04
memcpy_dev_v32_movsb_v22,rand SPEC2017   ,16      ,0      ,-1     ,65536    ,10000  ,65536       ,2.410E+06 ,2.389E+06 ,2.410E+06 ,2.36E+06  ,3.380E+06 ,4.483E+04
memcpy_dev_v32_movsb_v22,rand SPEC2017   ,32      ,0      ,-1     ,65536    ,10000  ,65536       ,4.455E+06 ,4.454E+06 ,4.455E+06 ,4.32E+06  ,5.716E+06 ,3.540E+04
memcpy_dev_v32_movsb_v22,rand SPEC2017   ,64      ,0      ,-1     ,65536    ,10000  ,65536       ,9.278E+06 ,9.286E+06 ,9.278E+06 ,9.08E+06  ,1.110E+07 ,5.933E+04
memcpy_dev_v32_movsb_v22,rand SPEC2017   ,128     ,0      ,-1     ,65536    ,10000  ,65536       ,1.911E+07 ,1.911E+07 ,1.910E+07 ,1.88E+07  ,2.149E+07 ,9.195E+04
