impl name               ,test name       ,size    ,al dst ,al src ,dst > src,trials ,inner trials,mean      ,median    ,geomean   ,min       ,max       ,stdev
memcpy_dev_v32_movsb_avx2_v19,rand SPEC2017   ,1       ,16     ,256    ,32768    ,20000  ,32768       ,3.379E+05 ,3.368E+05 ,3.378E+05 ,3.20E+05  ,6.287E+05 ,9.266E+03
memcpy_dev_v32_movsb_avx2_v19,rand SPEC2017   ,1       ,32     ,256    ,16384    ,40000  ,16384       ,1.349E+05 ,1.342E+05 ,1.349E+05 ,1.30E+05  ,4.208E+05 ,2.717E+03
memcpy_dev_v32_movsb_avx2_v19,rand SPEC2017   ,1       ,33     ,256    ,8192     ,80000  ,8192        ,7.814E+04 ,7.812E+04 ,7.811E+04 ,7.39E+04  ,3.686E+05 ,2.457E+03
memcpy_dev_v32_movsb_avx2_v19,rand SPEC2017   ,1       ,16     ,257    ,32768    ,20000  ,32768       ,3.633E+05 ,3.628E+05 ,3.633E+05 ,3.44E+05  ,6.597E+05 ,4.872E+03
memcpy_dev_v32_movsb_avx2_v19,rand SPEC2017   ,1       ,32     ,257    ,16384    ,40000  ,16384       ,1.416E+05 ,1.411E+05 ,1.416E+05 ,1.37E+05  ,4.289E+05 ,2.447E+03
memcpy_dev_v32_movsb_avx2_v19,rand SPEC2017   ,1       ,33     ,257    ,8192     ,80000  ,8192        ,8.087E+04 ,8.020E+04 ,8.084E+04 ,7.76E+04  ,3.724E+05 ,2.917E+03
memcpy_dev_v32_movsb_avx2_v19,rand SPEC2017   ,1       ,0      ,31     ,16384    ,40000  ,16384       ,1.913E+05 ,1.898E+05 ,1.912E+05 ,1.83E+05  ,4.834E+05 ,4.905E+03
memcpy_dev_v32_movsb_avx2_v19,rand SPEC2017   ,1       ,0      ,32     ,32768    ,20000  ,32768       ,4.662E+05 ,4.681E+05 ,4.661E+05 ,4.42E+05  ,7.567E+05 ,7.209E+03
memcpy_dev_v32_movsb_avx2_v19,rand SPEC2017   ,1       ,0      ,64     ,32768    ,20000  ,32768       ,4.666E+05 ,4.666E+05 ,4.666E+05 ,4.41E+05  ,7.541E+05 ,4.079E+03
memcpy_dev_v32_movsb_avx2_v19,rand SPEC2017   ,1       ,0      ,65     ,32768    ,20000  ,32768       ,4.680E+05 ,4.677E+05 ,4.680E+05 ,4.44E+05  ,7.551E+05 ,3.773E+03
memcpy_dev_v32_movsb_avx2_v19,rand SPEC2017   ,1       ,0      ,128    ,32768    ,20000  ,32768       ,4.822E+05 ,4.807E+05 ,4.815E+05 ,4.55E+05  ,2.981E+06 ,4.397E+04
memcpy_dev_v32_movsb_avx2_v19,rand SPEC2017   ,1       ,0      ,256    ,32768    ,20000  ,32768       ,5.272E+05 ,5.267E+05 ,5.272E+05 ,5.01E+05  ,8.132E+05 ,4.712E+03
memcpy_dev_v32_movsb_avx2_v19,rand SPEC2017   ,1       ,32     ,-1     ,32768    ,20000  ,32768       ,5.885E+05 ,5.864E+05 ,5.884E+05 ,5.60E+05  ,8.894E+05 ,1.088E+04
memcpy_dev_v32_movsb_avx2_v19,rand SPEC2017   ,1       ,33     ,-1     ,8192     ,80000  ,8192        ,2.043E+05 ,2.042E+05 ,2.043E+05 ,2.01E+05  ,5.004E+05 ,2.529E+03
memcpy_dev_v32_movsb_avx2_v19,rand SPEC2017   ,1       ,64     ,-1     ,8192     ,80000  ,8192        ,2.046E+05 ,2.045E+05 ,2.046E+05 ,1.97E+05  ,5.018E+05 ,3.361E+03
memcpy_dev_v32_movsb_avx2_v19,rand SPEC2017   ,1       ,65     ,-1     ,8192     ,80000  ,8192        ,2.067E+05 ,2.066E+05 ,2.067E+05 ,2.03E+05  ,4.948E+05 ,2.495E+03
memcpy_dev_v32_movsb_avx2_v19,rand SPEC2017   ,1       ,129    ,-1     ,8192     ,80000  ,8192        ,2.143E+05 ,2.138E+05 ,2.142E+05 ,2.05E+05  ,5.020E+05 ,3.265E+03
memcpy_dev_v32_movsb_avx2_v19,rand SPEC2017   ,1       ,257    ,-1     ,4096     ,160000 ,4096        ,1.259E+05 ,1.261E+05 ,1.259E+05 ,1.18E+05  ,4.167E+05 ,2.524E+03
memcpy_dev_v32_movsb_avx2_v19,rand SPEC2017   ,1       ,0      ,-1     ,65536    ,10000  ,65536       ,1.345E+06 ,1.340E+06 ,1.345E+06 ,1.30E+06  ,1.663E+06 ,1.555E+04
memcpy_dev_v32_movsb_avx2_v19,rand SPEC2017   ,2       ,0      ,-1     ,65536    ,10000  ,65536       ,1.244E+06 ,1.232E+06 ,1.244E+06 ,1.19E+06  ,1.529E+06 ,1.935E+04
memcpy_dev_v32_movsb_avx2_v19,rand SPEC2017   ,4       ,0      ,-1     ,65536    ,10000  ,65536       ,1.639E+06 ,1.646E+06 ,1.639E+06 ,1.56E+06  ,2.027E+06 ,1.978E+04
memcpy_dev_v32_movsb_avx2_v19,rand SPEC2017   ,8       ,0      ,-1     ,65536    ,10000  ,65536       ,2.279E+06 ,2.278E+06 ,2.279E+06 ,2.21E+06  ,3.496E+06 ,1.863E+04
memcpy_dev_v32_movsb_avx2_v19,rand SPEC2017   ,16      ,0      ,-1     ,65536    ,10000  ,65536       ,4.116E+06 ,4.128E+06 ,4.116E+06 ,3.92E+06  ,4.573E+06 ,3.930E+04
memcpy_dev_v32_movsb_avx2_v19,rand SPEC2017   ,32      ,0      ,-1     ,65536    ,10000  ,65536       ,7.607E+06 ,7.661E+06 ,7.606E+06 ,7.38E+06  ,1.214E+07 ,1.178E+05
memcpy_dev_v32_movsb_avx2_v19,rand SPEC2017   ,64      ,0      ,-1     ,65536    ,10000  ,65536       ,1.517E+07 ,1.508E+07 ,1.517E+07 ,1.49E+07  ,2.905E+07 ,2.461E+05
memcpy_dev_v32_movsb_avx2_v19,rand SPEC2017   ,128     ,0      ,-1     ,65536    ,10000  ,65536       ,3.429E+07 ,3.405E+07 ,3.429E+07 ,3.38E+07  ,5.808E+07 ,5.166E+05
memcpy_dev_v32_movsb_avx2_v19,rand SPEC2017   ,256     ,0      ,-1     ,65536    ,10000  ,65536       ,7.307E+07 ,7.303E+07 ,7.307E+07 ,7.21E+07  ,9.829E+07 ,8.552E+05
memcpy_dev_v32_movsb_avx2_v20,rand SPEC2017   ,1       ,16     ,256    ,32768    ,20000  ,32768       ,3.844E+05 ,3.840E+05 ,3.844E+05 ,3.73E+05  ,6.823E+05 ,3.703E+03
memcpy_dev_v32_movsb_avx2_v20,rand SPEC2017   ,1       ,32     ,256    ,16384    ,40000  ,16384       ,1.476E+05 ,1.488E+05 ,1.476E+05 ,1.40E+05  ,4.423E+05 ,3.610E+03
memcpy_dev_v32_movsb_avx2_v20,rand SPEC2017   ,1       ,33     ,256    ,8192     ,80000  ,8192        ,8.193E+04 ,8.124E+04 ,8.191E+04 ,7.81E+04  ,3.781E+05 ,2.238E+03
memcpy_dev_v32_movsb_avx2_v20,rand SPEC2017   ,1       ,16     ,257    ,32768    ,20000  ,32768       ,3.764E+05 ,3.733E+05 ,3.763E+05 ,3.62E+05  ,6.699E+05 ,6.254E+03
memcpy_dev_v32_movsb_avx2_v20,rand SPEC2017   ,1       ,32     ,257    ,16384    ,40000  ,16384       ,1.452E+05 ,1.451E+05 ,1.452E+05 ,1.44E+05  ,4.331E+05 ,1.665E+03
memcpy_dev_v32_movsb_avx2_v20,rand SPEC2017   ,1       ,33     ,257    ,8192     ,80000  ,8192        ,8.033E+04 ,8.033E+04 ,8.032E+04 ,7.54E+04  ,3.814E+05 ,1.328E+03
memcpy_dev_v32_movsb_avx2_v20,rand SPEC2017   ,1       ,0      ,31     ,16384    ,40000  ,16384       ,2.011E+05 ,1.995E+05 ,2.011E+05 ,1.92E+05  ,4.867E+05 ,4.035E+03
memcpy_dev_v32_movsb_avx2_v20,rand SPEC2017   ,1       ,0      ,32     ,32768    ,20000  ,32768       ,4.820E+05 ,4.829E+05 ,4.819E+05 ,4.56E+05  ,7.839E+05 ,6.404E+03
memcpy_dev_v32_movsb_avx2_v20,rand SPEC2017   ,1       ,0      ,64     ,32768    ,20000  ,32768       ,4.807E+05 ,4.813E+05 ,4.807E+05 ,4.55E+05  ,7.760E+05 ,5.655E+03
memcpy_dev_v32_movsb_avx2_v20,rand SPEC2017   ,1       ,0      ,65     ,32768    ,20000  ,32768       ,4.813E+05 ,4.825E+05 ,4.812E+05 ,4.56E+05  ,7.778E+05 ,6.349E+03
memcpy_dev_v32_movsb_avx2_v20,rand SPEC2017   ,1       ,0      ,128    ,32768    ,20000  ,32768       ,4.910E+05 ,4.930E+05 ,4.910E+05 ,4.66E+05  ,7.871E+05 ,7.511E+03
memcpy_dev_v32_movsb_avx2_v20,rand SPEC2017   ,1       ,0      ,256    ,32768    ,20000  ,32768       ,5.263E+05 ,5.272E+05 ,5.262E+05 ,4.98E+05  ,8.274E+05 ,6.403E+03
memcpy_dev_v32_movsb_avx2_v20,rand SPEC2017   ,1       ,32     ,-1     ,32768    ,20000  ,32768       ,5.473E+05 ,5.469E+05 ,5.473E+05 ,5.29E+05  ,8.376E+05 ,5.323E+03
memcpy_dev_v32_movsb_avx2_v20,rand SPEC2017   ,1       ,33     ,-1     ,8192     ,80000  ,8192        ,1.893E+05 ,1.906E+05 ,1.893E+05 ,1.79E+05  ,4.794E+05 ,3.877E+03
memcpy_dev_v32_movsb_avx2_v20,rand SPEC2017   ,1       ,64     ,-1     ,8192     ,80000  ,8192        ,1.882E+05 ,1.866E+05 ,1.882E+05 ,1.79E+05  ,4.836E+05 ,4.254E+03
memcpy_dev_v32_movsb_avx2_v20,rand SPEC2017   ,1       ,65     ,-1     ,8192     ,80000  ,8192        ,1.888E+05 ,1.876E+05 ,1.888E+05 ,1.81E+05  ,4.838E+05 ,3.848E+03
memcpy_dev_v32_movsb_avx2_v20,rand SPEC2017   ,1       ,129    ,-1     ,8192     ,80000  ,8192        ,1.966E+05 ,1.950E+05 ,1.965E+05 ,1.88E+05  ,4.967E+05 ,4.173E+03
memcpy_dev_v32_movsb_avx2_v20,rand SPEC2017   ,1       ,257    ,-1     ,4096     ,160000 ,4096        ,1.171E+05 ,1.178E+05 ,1.171E+05 ,1.11E+05  ,4.085E+05 ,2.916E+03
memcpy_dev_v32_movsb_avx2_v20,rand SPEC2017   ,1       ,0      ,-1     ,65536    ,10000  ,65536       ,1.299E+06 ,1.288E+06 ,1.299E+06 ,1.25E+06  ,1.642E+06 ,1.890E+04
memcpy_dev_v32_movsb_avx2_v20,rand SPEC2017   ,2       ,0      ,-1     ,65536    ,10000  ,65536       ,1.193E+06 ,1.205E+06 ,1.193E+06 ,1.14E+06  ,1.570E+06 ,1.861E+04
memcpy_dev_v32_movsb_avx2_v20,rand SPEC2017   ,4       ,0      ,-1     ,65536    ,10000  ,65536       ,1.545E+06 ,1.545E+06 ,1.545E+06 ,1.54E+06  ,1.837E+06 ,6.587E+03
memcpy_dev_v32_movsb_avx2_v20,rand SPEC2017   ,8       ,0      ,-1     ,65536    ,10000  ,65536       ,2.136E+06 ,2.134E+06 ,2.136E+06 ,2.08E+06  ,2.619E+06 ,1.257E+04
memcpy_dev_v32_movsb_avx2_v20,rand SPEC2017   ,16      ,0      ,-1     ,65536    ,10000  ,65536       ,4.000E+06 ,4.005E+06 ,3.999E+06 ,3.79E+06  ,1.418E+07 ,1.576E+05
memcpy_dev_v32_movsb_avx2_v20,rand SPEC2017   ,32      ,0      ,-1     ,65536    ,10000  ,65536       ,7.537E+06 ,7.536E+06 ,7.537E+06 ,7.33E+06  ,8.361E+06 ,2.464E+04
memcpy_dev_v32_movsb_avx2_v20,rand SPEC2017   ,64      ,0      ,-1     ,65536    ,10000  ,65536       ,1.482E+07 ,1.486E+07 ,1.482E+07 ,1.44E+07  ,2.474E+07 ,2.050E+05
memcpy_dev_v32_movsb_avx2_v20,rand SPEC2017   ,128     ,0      ,-1     ,65536    ,10000  ,65536       ,3.159E+07 ,3.178E+07 ,3.159E+07 ,3.09E+07  ,5.543E+07 ,4.046E+05
memcpy_dev_v32_movsb_avx2_v20,rand SPEC2017   ,256     ,0      ,-1     ,65536    ,10000  ,65536       ,7.080E+07 ,7.098E+07 ,7.079E+07 ,6.91E+07  ,9.655E+07 ,6.110E+05
memcpy_dev_v32_movsb_avx2_v21,rand SPEC2017   ,1       ,16     ,256    ,32768    ,20000  ,32768       ,3.977E+05 ,3.954E+05 ,3.977E+05 ,3.82E+05  ,6.983E+05 ,6.526E+03
memcpy_dev_v32_movsb_avx2_v21,rand SPEC2017   ,1       ,32     ,256    ,16384    ,40000  ,16384       ,1.573E+05 ,1.578E+05 ,1.572E+05 ,1.48E+05  ,4.506E+05 ,3.296E+03
memcpy_dev_v32_movsb_avx2_v21,rand SPEC2017   ,1       ,33     ,256    ,8192     ,80000  ,8192        ,8.502E+04 ,8.479E+04 ,8.501E+04 ,8.19E+04  ,3.749E+05 ,1.556E+03
memcpy_dev_v32_movsb_avx2_v21,rand SPEC2017   ,1       ,16     ,257    ,32768    ,20000  ,32768       ,3.913E+05 ,3.909E+05 ,3.912E+05 ,3.72E+05  ,6.893E+05 ,7.640E+03
memcpy_dev_v32_movsb_avx2_v21,rand SPEC2017   ,1       ,32     ,257    ,16384    ,40000  ,16384       ,1.536E+05 ,1.532E+05 ,1.536E+05 ,1.48E+05  ,4.471E+05 ,2.502E+03
memcpy_dev_v32_movsb_avx2_v21,rand SPEC2017   ,1       ,33     ,257    ,8192     ,80000  ,8192        ,8.499E+04 ,8.468E+04 ,8.474E+04 ,7.76E+04  ,1.574E+06 ,1.958E+04
memcpy_dev_v32_movsb_avx2_v21,rand SPEC2017   ,1       ,0      ,31     ,16384    ,40000  ,16384       ,2.016E+05 ,2.028E+05 ,2.016E+05 ,1.92E+05  ,4.964E+05 ,4.047E+03
memcpy_dev_v32_movsb_avx2_v21,rand SPEC2017   ,1       ,0      ,32     ,32768    ,20000  ,32768       ,4.823E+05 ,4.830E+05 ,4.822E+05 ,4.57E+05  ,7.679E+05 ,5.175E+03
memcpy_dev_v32_movsb_avx2_v21,rand SPEC2017   ,1       ,0      ,64     ,32768    ,20000  ,32768       ,4.804E+05 ,4.816E+05 ,4.803E+05 ,4.55E+05  ,7.694E+05 ,6.204E+03
memcpy_dev_v32_movsb_avx2_v21,rand SPEC2017   ,1       ,0      ,65     ,32768    ,20000  ,32768       ,4.825E+05 ,4.826E+05 ,4.824E+05 ,4.57E+05  ,7.681E+05 ,4.176E+03
memcpy_dev_v32_movsb_avx2_v21,rand SPEC2017   ,1       ,0      ,128    ,32768    ,20000  ,32768       ,4.914E+05 ,4.928E+05 ,4.914E+05 ,4.65E+05  ,7.814E+05 ,6.683E+03
memcpy_dev_v32_movsb_avx2_v21,rand SPEC2017   ,1       ,0      ,256    ,32768    ,20000  ,32768       ,5.359E+05 ,5.365E+05 ,5.359E+05 ,5.05E+05  ,8.402E+05 ,6.424E+03
memcpy_dev_v32_movsb_avx2_v21,rand SPEC2017   ,1       ,32     ,-1     ,32768    ,20000  ,32768       ,5.683E+05 ,5.668E+05 ,5.683E+05 ,5.49E+05  ,8.596E+05 ,6.940E+03
memcpy_dev_v32_movsb_avx2_v21,rand SPEC2017   ,1       ,33     ,-1     ,8192     ,80000  ,8192        ,1.924E+05 ,1.933E+05 ,1.923E+05 ,1.82E+05  ,4.769E+05 ,3.943E+03
memcpy_dev_v32_movsb_avx2_v21,rand SPEC2017   ,1       ,64     ,-1     ,8192     ,80000  ,8192        ,1.912E+05 ,1.923E+05 ,1.912E+05 ,1.81E+05  ,4.857E+05 ,4.209E+03
memcpy_dev_v32_movsb_avx2_v21,rand SPEC2017   ,1       ,65     ,-1     ,8192     ,80000  ,8192        ,1.922E+05 ,1.933E+05 ,1.922E+05 ,1.81E+05  ,4.825E+05 ,4.173E+03
memcpy_dev_v32_movsb_avx2_v21,rand SPEC2017   ,1       ,129    ,-1     ,8192     ,80000  ,8192        ,2.014E+05 ,2.027E+05 ,2.014E+05 ,1.91E+05  ,4.959E+05 ,4.336E+03
memcpy_dev_v32_movsb_avx2_v21,rand SPEC2017   ,1       ,257    ,-1     ,4096     ,160000 ,4096        ,1.182E+05 ,1.188E+05 ,1.182E+05 ,1.11E+05  ,4.077E+05 ,2.692E+03
memcpy_dev_v32_movsb_avx2_v21,rand SPEC2017   ,1       ,0      ,-1     ,65536    ,10000  ,65536       ,1.323E+06 ,1.332E+06 ,1.323E+06 ,1.26E+06  ,1.630E+06 ,1.978E+04
memcpy_dev_v32_movsb_avx2_v21,rand SPEC2017   ,2       ,0      ,-1     ,65536    ,10000  ,65536       ,1.199E+06 ,1.197E+06 ,1.198E+06 ,1.13E+06  ,1.619E+06 ,1.079E+04
memcpy_dev_v32_movsb_avx2_v21,rand SPEC2017   ,4       ,0      ,-1     ,65536    ,10000  ,65536       ,1.562E+06 ,1.562E+06 ,1.562E+06 ,1.48E+06  ,1.853E+06 ,1.005E+04
memcpy_dev_v32_movsb_avx2_v21,rand SPEC2017   ,8       ,0      ,-1     ,65536    ,10000  ,65536       ,2.161E+06 ,2.153E+06 ,2.161E+06 ,2.09E+06  ,2.509E+06 ,2.272E+04
memcpy_dev_v32_movsb_avx2_v21,rand SPEC2017   ,16      ,0      ,-1     ,65536    ,10000  ,65536       ,4.027E+06 ,4.064E+06 ,4.027E+06 ,3.86E+06  ,4.810E+06 ,5.570E+04
memcpy_dev_v32_movsb_avx2_v21,rand SPEC2017   ,32      ,0      ,-1     ,65536    ,10000  ,65536       ,7.496E+06 ,7.488E+06 ,7.495E+06 ,7.29E+06  ,2.775E+07 ,2.127E+05
memcpy_dev_v32_movsb_avx2_v21,rand SPEC2017   ,64      ,0      ,-1     ,65536    ,10000  ,65536       ,1.514E+07 ,1.516E+07 ,1.514E+07 ,1.47E+07  ,1.642E+07 ,8.382E+04
memcpy_dev_v32_movsb_avx2_v21,rand SPEC2017   ,128     ,0      ,-1     ,65536    ,10000  ,65536       ,3.243E+07 ,3.251E+07 ,3.243E+07 ,3.16E+07  ,5.734E+07 ,3.503E+05
memcpy_dev_v32_movsb_avx2_v21,rand SPEC2017   ,256     ,0      ,-1     ,65536    ,10000  ,65536       ,7.138E+07 ,7.142E+07 ,7.138E+07 ,6.95E+07  ,9.739E+07 ,4.677E+05
memcpy_dev_v32_movsb_avx2_v22,rand SPEC2017   ,1       ,16     ,256    ,32768    ,20000  ,32768       ,3.946E+05 ,3.932E+05 ,3.946E+05 ,3.82E+05  ,6.907E+05 ,5.122E+03
memcpy_dev_v32_movsb_avx2_v22,rand SPEC2017   ,1       ,32     ,256    ,16384    ,40000  ,16384       ,1.523E+05 ,1.530E+05 ,1.523E+05 ,1.45E+05  ,4.440E+05 ,4.231E+03
memcpy_dev_v32_movsb_avx2_v22,rand SPEC2017   ,1       ,33     ,256    ,8192     ,80000  ,8192        ,8.533E+04 ,8.509E+04 ,8.532E+04 ,8.11E+04  ,3.701E+05 ,1.550E+03
memcpy_dev_v32_movsb_avx2_v22,rand SPEC2017   ,1       ,16     ,257    ,32768    ,20000  ,32768       ,3.918E+05 ,3.905E+05 ,3.917E+05 ,3.72E+05  ,6.803E+05 ,7.871E+03
memcpy_dev_v32_movsb_avx2_v22,rand SPEC2017   ,1       ,32     ,257    ,16384    ,40000  ,16384       ,1.508E+05 ,1.499E+05 ,1.508E+05 ,1.45E+05  ,4.486E+05 ,3.184E+03
memcpy_dev_v32_movsb_avx2_v22,rand SPEC2017   ,1       ,33     ,257    ,8192     ,80000  ,8192        ,8.508E+04 ,8.507E+04 ,8.507E+04 ,8.22E+04  ,3.788E+05 ,1.618E+03
memcpy_dev_v32_movsb_avx2_v22,rand SPEC2017   ,1       ,0      ,31     ,16384    ,40000  ,16384       ,1.985E+05 ,1.985E+05 ,1.985E+05 ,1.91E+05  ,4.957E+05 ,2.632E+03
memcpy_dev_v32_movsb_avx2_v22,rand SPEC2017   ,1       ,0      ,32     ,32768    ,20000  ,32768       ,4.814E+05 ,4.811E+05 ,4.814E+05 ,4.77E+05  ,7.680E+05 ,3.380E+03
memcpy_dev_v32_movsb_avx2_v22,rand SPEC2017   ,1       ,0      ,64     ,32768    ,20000  ,32768       ,4.789E+05 ,4.786E+05 ,4.789E+05 ,4.54E+05  ,7.659E+05 ,3.587E+03
memcpy_dev_v32_movsb_avx2_v22,rand SPEC2017   ,1       ,0      ,65     ,32768    ,20000  ,32768       ,4.798E+05 ,4.796E+05 ,4.798E+05 ,4.55E+05  ,7.688E+05 ,4.317E+03
memcpy_dev_v32_movsb_avx2_v22,rand SPEC2017   ,1       ,0      ,128    ,32768    ,20000  ,32768       ,4.932E+05 ,4.933E+05 ,4.932E+05 ,4.67E+05  ,7.965E+05 ,5.022E+03
memcpy_dev_v32_movsb_avx2_v22,rand SPEC2017   ,1       ,0      ,256    ,32768    ,20000  ,32768       ,5.417E+05 ,5.409E+05 ,5.410E+05 ,5.14E+05  ,3.091E+06 ,4.423E+04
memcpy_dev_v32_movsb_avx2_v22,rand SPEC2017   ,1       ,32     ,-1     ,32768    ,20000  ,32768       ,5.667E+05 ,5.642E+05 ,5.667E+05 ,5.46E+05  ,8.542E+05 ,7.441E+03
memcpy_dev_v32_movsb_avx2_v22,rand SPEC2017   ,1       ,33     ,-1     ,8192     ,80000  ,8192        ,1.959E+05 ,1.963E+05 ,1.958E+05 ,1.85E+05  ,4.883E+05 ,4.323E+03
memcpy_dev_v32_movsb_avx2_v22,rand SPEC2017   ,1       ,64     ,-1     ,8192     ,80000  ,8192        ,1.935E+05 ,1.949E+05 ,1.935E+05 ,1.84E+05  ,4.848E+05 ,4.154E+03
memcpy_dev_v32_movsb_avx2_v22,rand SPEC2017   ,1       ,65     ,-1     ,8192     ,80000  ,8192        ,1.960E+05 ,1.950E+05 ,1.960E+05 ,1.86E+05  ,4.916E+05 ,4.164E+03
memcpy_dev_v32_movsb_avx2_v22,rand SPEC2017   ,1       ,129    ,-1     ,8192     ,80000  ,8192        ,2.020E+05 ,2.005E+05 ,2.020E+05 ,1.92E+05  ,4.954E+05 ,4.445E+03
memcpy_dev_v32_movsb_avx2_v22,rand SPEC2017   ,1       ,257    ,-1     ,4096     ,160000 ,4096        ,1.175E+05 ,1.180E+05 ,1.175E+05 ,1.11E+05  ,4.133E+05 ,3.030E+03
memcpy_dev_v32_movsb_avx2_v22,rand SPEC2017   ,1       ,0      ,-1     ,65536    ,10000  ,65536       ,1.335E+06 ,1.339E+06 ,1.335E+06 ,1.27E+06  ,1.798E+06 ,2.013E+04
memcpy_dev_v32_movsb_avx2_v22,rand SPEC2017   ,2       ,0      ,-1     ,65536    ,10000  ,65536       ,1.188E+06 ,1.189E+06 ,1.188E+06 ,1.13E+06  ,1.620E+06 ,1.500E+04
memcpy_dev_v32_movsb_avx2_v22,rand SPEC2017   ,4       ,0      ,-1     ,65536    ,10000  ,65536       ,1.576E+06 ,1.577E+06 ,1.576E+06 ,1.50E+06  ,1.911E+06 ,1.163E+04
memcpy_dev_v32_movsb_avx2_v22,rand SPEC2017   ,8       ,0      ,-1     ,65536    ,10000  ,65536       ,2.156E+06 ,2.154E+06 ,2.156E+06 ,2.15E+06  ,3.361E+06 ,2.598E+04
memcpy_dev_v32_movsb_avx2_v22,rand SPEC2017   ,16      ,0      ,-1     ,65536    ,10000  ,65536       ,3.945E+06 ,3.977E+06 ,3.944E+06 ,3.79E+06  ,4.574E+06 ,5.508E+04
memcpy_dev_v32_movsb_avx2_v22,rand SPEC2017   ,32      ,0      ,-1     ,65536    ,10000  ,65536       ,7.454E+06 ,7.453E+06 ,7.454E+06 ,7.25E+06  ,7.993E+06 ,2.167E+04
memcpy_dev_v32_movsb_avx2_v22,rand SPEC2017   ,64      ,0      ,-1     ,65536    ,10000  ,65536       ,1.547E+07 ,1.553E+07 ,1.547E+07 ,1.51E+07  ,4.109E+07 ,2.990E+05
memcpy_dev_v32_movsb_avx2_v22,rand SPEC2017   ,128     ,0      ,-1     ,65536    ,10000  ,65536       ,3.324E+07 ,3.335E+07 ,3.323E+07 ,3.24E+07  ,5.756E+07 ,4.320E+05
memcpy_dev_v32_movsb_avx2_v22,rand SPEC2017   ,256     ,0      ,-1     ,65536    ,10000  ,65536       ,7.257E+07 ,7.256E+07 ,7.257E+07 ,7.06E+07  ,9.705E+07 ,4.665E+05
memcpy_glibc_v32_movsb_avx2,rand SPEC2017   ,1       ,16     ,256    ,32768    ,20000  ,32768       ,4.122E+05 ,4.105E+05 ,4.122E+05 ,3.97E+05  ,7.078E+05 ,5.554E+03
memcpy_glibc_v32_movsb_avx2,rand SPEC2017   ,1       ,32     ,256    ,16384    ,40000  ,16384       ,1.631E+05 ,1.633E+05 ,1.630E+05 ,1.54E+05  ,4.526E+05 ,2.815E+03
memcpy_glibc_v32_movsb_avx2,rand SPEC2017   ,1       ,33     ,256    ,8192     ,80000  ,8192        ,8.997E+04 ,8.935E+04 ,8.994E+04 ,8.63E+04  ,3.835E+05 ,2.385E+03
memcpy_glibc_v32_movsb_avx2,rand SPEC2017   ,1       ,16     ,257    ,32768    ,20000  ,32768       ,4.063E+05 ,4.084E+05 ,4.062E+05 ,3.87E+05  ,6.992E+05 ,1.100E+04
memcpy_glibc_v32_movsb_avx2,rand SPEC2017   ,1       ,32     ,257    ,16384    ,40000  ,16384       ,1.606E+05 ,1.593E+05 ,1.606E+05 ,1.54E+05  ,4.564E+05 ,3.152E+03
memcpy_glibc_v32_movsb_avx2,rand SPEC2017   ,1       ,33     ,257    ,8192     ,80000  ,8192        ,8.917E+04 ,8.908E+04 ,8.917E+04 ,8.63E+04  ,3.751E+05 ,1.221E+03
memcpy_glibc_v32_movsb_avx2,rand SPEC2017   ,1       ,0      ,31     ,16384    ,40000  ,16384       ,2.161E+05 ,2.170E+05 ,2.161E+05 ,2.05E+05  ,5.119E+05 ,3.822E+03
memcpy_glibc_v32_movsb_avx2,rand SPEC2017   ,1       ,0      ,32     ,32768    ,20000  ,32768       ,4.959E+05 ,4.958E+05 ,4.959E+05 ,4.91E+05  ,7.816E+05 ,3.210E+03
memcpy_glibc_v32_movsb_avx2,rand SPEC2017   ,1       ,0      ,64     ,32768    ,20000  ,32768       ,4.955E+05 ,4.952E+05 ,4.954E+05 ,4.91E+05  ,7.859E+05 ,4.136E+03
memcpy_glibc_v32_movsb_avx2,rand SPEC2017   ,1       ,0      ,65     ,32768    ,20000  ,32768       ,4.947E+05 ,4.945E+05 ,4.947E+05 ,4.69E+05  ,7.873E+05 ,3.933E+03
memcpy_glibc_v32_movsb_avx2,rand SPEC2017   ,1       ,0      ,128    ,32768    ,20000  ,32768       ,5.072E+05 ,5.072E+05 ,5.072E+05 ,4.80E+05  ,8.017E+05 ,4.222E+03
memcpy_glibc_v32_movsb_avx2,rand SPEC2017   ,1       ,0      ,256    ,32768    ,20000  ,32768       ,5.532E+05 ,5.543E+05 ,5.532E+05 ,5.21E+05  ,8.445E+05 ,6.604E+03
memcpy_glibc_v32_movsb_avx2,rand SPEC2017   ,1       ,32     ,-1     ,32768    ,20000  ,32768       ,6.121E+05 ,6.093E+05 ,6.120E+05 ,5.89E+05  ,8.978E+05 ,8.423E+03
memcpy_glibc_v32_movsb_avx2,rand SPEC2017   ,1       ,33     ,-1     ,8192     ,80000  ,8192        ,2.048E+05 ,2.047E+05 ,2.048E+05 ,1.93E+05  ,4.956E+05 ,2.452E+03
memcpy_glibc_v32_movsb_avx2,rand SPEC2017   ,1       ,64     ,-1     ,8192     ,80000  ,8192        ,2.049E+05 ,2.048E+05 ,2.047E+05 ,1.93E+05  ,1.733E+06 ,1.976E+04
memcpy_glibc_v32_movsb_avx2,rand SPEC2017   ,1       ,65     ,-1     ,8192     ,80000  ,8192        ,2.069E+05 ,2.077E+05 ,2.068E+05 ,1.96E+05  ,4.986E+05 ,3.800E+03
memcpy_glibc_v32_movsb_avx2,rand SPEC2017   ,1       ,129    ,-1     ,8192     ,80000  ,8192        ,2.114E+05 ,2.113E+05 ,2.114E+05 ,1.99E+05  ,5.098E+05 ,2.518E+03
memcpy_glibc_v32_movsb_avx2,rand SPEC2017   ,1       ,257    ,-1     ,4096     ,160000 ,4096        ,1.321E+05 ,1.319E+05 ,1.321E+05 ,1.27E+05  ,4.272E+05 ,1.895E+03
memcpy_glibc_v32_movsb_avx2,rand SPEC2017   ,1       ,0      ,-1     ,65536    ,10000  ,65536       ,1.390E+06 ,1.399E+06 ,1.390E+06 ,1.33E+06  ,1.687E+06 ,1.975E+04
memcpy_glibc_v32_movsb_avx2,rand SPEC2017   ,2       ,0      ,-1     ,65536    ,10000  ,65536       ,1.282E+06 ,1.281E+06 ,1.282E+06 ,1.21E+06  ,1.571E+06 ,1.023E+04
memcpy_glibc_v32_movsb_avx2,rand SPEC2017   ,4       ,0      ,-1     ,65536    ,10000  ,65536       ,1.658E+06 ,1.657E+06 ,1.658E+06 ,1.61E+06  ,2.454E+06 ,1.230E+04
memcpy_glibc_v32_movsb_avx2,rand SPEC2017   ,8       ,0      ,-1     ,65536    ,10000  ,65536       ,2.324E+06 ,2.318E+06 ,2.324E+06 ,2.25E+06  ,2.755E+06 ,2.063E+04
memcpy_glibc_v32_movsb_avx2,rand SPEC2017   ,16      ,0      ,-1     ,65536    ,10000  ,65536       ,4.289E+06 ,4.295E+06 ,4.287E+06 ,4.05E+06  ,1.682E+07 ,1.598E+05
memcpy_glibc_v32_movsb_avx2,rand SPEC2017   ,32      ,0      ,-1     ,65536    ,10000  ,65536       ,7.957E+06 ,7.903E+06 ,7.957E+06 ,7.83E+06  ,9.180E+06 ,9.374E+04
memcpy_glibc_v32_movsb_avx2,rand SPEC2017   ,64      ,0      ,-1     ,65536    ,10000  ,65536       ,1.620E+07 ,1.620E+07 ,1.620E+07 ,1.58E+07  ,3.718E+07 ,2.171E+05
memcpy_glibc_v32_movsb_avx2,rand SPEC2017   ,128     ,0      ,-1     ,65536    ,10000  ,65536       ,3.396E+07 ,3.397E+07 ,3.396E+07 ,3.30E+07  ,5.872E+07 ,3.365E+05
memcpy_glibc_v32_movsb_avx2,rand SPEC2017   ,256     ,0      ,-1     ,65536    ,10000  ,65536       ,7.499E+07 ,7.496E+07 ,7.499E+07 ,7.31E+07  ,1.006E+08 ,5.663E+05
memcpy_dev_v32_movsb_avx2_v19,rand SPEC2017   ,1       ,16     ,256    ,32768    ,20000  ,32768       ,3.954E+05 ,3.928E+05 ,3.954E+05 ,3.80E+05  ,6.822E+05 ,6.408E+03
memcpy_dev_v32_movsb_avx2_v19,rand SPEC2017   ,1       ,32     ,256    ,16384    ,40000  ,16384       ,1.535E+05 ,1.536E+05 ,1.534E+05 ,1.45E+05  ,4.465E+05 ,3.764E+03
memcpy_dev_v32_movsb_avx2_v19,rand SPEC2017   ,1       ,33     ,256    ,8192     ,80000  ,8192        ,8.598E+04 ,8.519E+04 ,8.595E+04 ,8.23E+04  ,3.773E+05 ,2.263E+03
memcpy_dev_v32_movsb_avx2_v19,rand SPEC2017   ,1       ,16     ,257    ,32768    ,20000  ,32768       ,3.925E+05 ,3.884E+05 ,3.924E+05 ,3.72E+05  ,7.014E+05 ,8.087E+03
memcpy_dev_v32_movsb_avx2_v19,rand SPEC2017   ,1       ,32     ,257    ,16384    ,40000  ,16384       ,1.508E+05 ,1.496E+05 ,1.507E+05 ,1.44E+05  ,4.391E+05 ,3.128E+03
memcpy_dev_v32_movsb_avx2_v19,rand SPEC2017   ,1       ,33     ,257    ,8192     ,80000  ,8192        ,8.519E+04 ,8.515E+04 ,8.519E+04 ,8.46E+04  ,3.710E+05 ,1.127E+03
memcpy_dev_v32_movsb_avx2_v19,rand SPEC2017   ,1       ,0      ,31     ,16384    ,40000  ,16384       ,1.995E+05 ,1.986E+05 ,1.995E+05 ,1.92E+05  ,4.881E+05 ,3.471E+03
memcpy_dev_v32_movsb_avx2_v19,rand SPEC2017   ,1       ,0      ,32     ,32768    ,20000  ,32768       ,4.808E+05 ,4.804E+05 ,4.808E+05 ,4.56E+05  ,7.748E+05 ,4.101E+03
memcpy_dev_v32_movsb_avx2_v19,rand SPEC2017   ,1       ,0      ,64     ,32768    ,20000  ,32768       ,4.801E+05 ,4.794E+05 ,4.801E+05 ,4.66E+05  ,7.723E+05 ,5.090E+03
memcpy_dev_v32_movsb_avx2_v19,rand SPEC2017   ,1       ,0      ,65     ,32768    ,20000  ,32768       ,4.842E+05 ,4.817E+05 ,4.842E+05 ,4.66E+05  ,7.726E+05 ,7.224E+03
memcpy_dev_v32_movsb_avx2_v19,rand SPEC2017   ,1       ,0      ,128    ,32768    ,20000  ,32768       ,4.939E+05 ,4.931E+05 ,4.939E+05 ,4.79E+05  ,7.869E+05 ,5.809E+03
memcpy_dev_v32_movsb_avx2_v19,rand SPEC2017   ,1       ,0      ,256    ,32768    ,20000  ,32768       ,5.407E+05 ,5.404E+05 ,5.407E+05 ,5.35E+05  ,8.318E+05 ,4.229E+03
memcpy_dev_v32_movsb_avx2_v19,rand SPEC2017   ,1       ,32     ,-1     ,32768    ,20000  ,32768       ,5.985E+05 ,5.961E+05 ,5.985E+05 ,5.73E+05  ,8.898E+05 ,8.750E+03
memcpy_dev_v32_movsb_avx2_v19,rand SPEC2017   ,1       ,33     ,-1     ,8192     ,80000  ,8192        ,2.101E+05 ,2.103E+05 ,2.101E+05 ,1.97E+05  ,5.020E+05 ,3.312E+03
memcpy_dev_v32_movsb_avx2_v19,rand SPEC2017   ,1       ,64     ,-1     ,8192     ,80000  ,8192        ,2.108E+05 ,2.104E+05 ,2.105E+05 ,1.97E+05  ,1.848E+06 ,2.026E+04
memcpy_dev_v32_movsb_avx2_v19,rand SPEC2017   ,1       ,65     ,-1     ,8192     ,80000  ,8192        ,2.099E+05 ,2.106E+05 ,2.098E+05 ,1.98E+05  ,5.022E+05 ,3.992E+03
memcpy_dev_v32_movsb_avx2_v19,rand SPEC2017   ,1       ,129    ,-1     ,8192     ,80000  ,8192        ,2.171E+05 ,2.172E+05 ,2.170E+05 ,2.04E+05  ,5.064E+05 ,3.816E+03
memcpy_dev_v32_movsb_avx2_v19,rand SPEC2017   ,1       ,257    ,-1     ,4096     ,160000 ,4096        ,1.267E+05 ,1.261E+05 ,1.267E+05 ,1.21E+05  ,4.182E+05 ,2.788E+03
memcpy_dev_v32_movsb_avx2_v19,rand SPEC2017   ,1       ,0      ,-1     ,65536    ,10000  ,65536       ,1.368E+06 ,1.370E+06 ,1.368E+06 ,1.30E+06  ,1.663E+06 ,1.381E+04
memcpy_dev_v32_movsb_avx2_v19,rand SPEC2017   ,2       ,0      ,-1     ,65536    ,10000  ,65536       ,1.267E+06 ,1.264E+06 ,1.267E+06 ,1.20E+06  ,1.568E+06 ,1.084E+04
memcpy_dev_v32_movsb_avx2_v19,rand SPEC2017   ,4       ,0      ,-1     ,65536    ,10000  ,65536       ,1.647E+06 ,1.646E+06 ,1.647E+06 ,1.61E+06  ,1.944E+06 ,7.611E+03
memcpy_dev_v32_movsb_avx2_v19,rand SPEC2017   ,8       ,0      ,-1     ,65536    ,10000  ,65536       ,2.265E+06 ,2.275E+06 ,2.264E+06 ,2.17E+06  ,2.587E+06 ,3.309E+04
memcpy_dev_v32_movsb_avx2_v19,rand SPEC2017   ,16      ,0      ,-1     ,65536    ,10000  ,65536       ,4.133E+06 ,4.119E+06 ,4.131E+06 ,4.01E+06  ,1.704E+07 ,1.684E+05
memcpy_dev_v32_movsb_avx2_v19,rand SPEC2017   ,32      ,0      ,-1     ,65536    ,10000  ,65536       ,7.624E+06 ,7.624E+06 ,7.624E+06 ,7.40E+06  ,8.812E+06 ,3.313E+04
memcpy_dev_v32_movsb_avx2_v19,rand SPEC2017   ,64      ,0      ,-1     ,65536    ,10000  ,65536       ,1.519E+07 ,1.521E+07 ,1.519E+07 ,1.47E+07  ,3.951E+07 ,2.642E+05
memcpy_dev_v32_movsb_avx2_v19,rand SPEC2017   ,128     ,0      ,-1     ,65536    ,10000  ,65536       ,3.397E+07 ,3.407E+07 ,3.397E+07 ,3.31E+07  ,5.844E+07 ,4.182E+05
memcpy_dev_v32_movsb_avx2_v19,rand SPEC2017   ,256     ,0      ,-1     ,65536    ,10000  ,65536       ,7.440E+07 ,7.455E+07 ,7.440E+07 ,7.25E+07  ,9.883E+07 ,5.800E+05
memcpy_dev_v32_movsb_avx2_v20,rand SPEC2017   ,1       ,16     ,256    ,32768    ,20000  ,32768       ,3.888E+05 ,3.850E+05 ,3.887E+05 ,3.72E+05  ,6.910E+05 ,6.908E+03
memcpy_dev_v32_movsb_avx2_v20,rand SPEC2017   ,1       ,32     ,256    ,16384    ,40000  ,16384       ,1.496E+05 ,1.495E+05 ,1.495E+05 ,1.41E+05  ,4.446E+05 ,2.211E+03
memcpy_dev_v32_movsb_avx2_v20,rand SPEC2017   ,1       ,33     ,256    ,8192     ,80000  ,8192        ,8.198E+04 ,8.245E+04 ,8.196E+04 ,7.74E+04  ,3.771E+05 ,2.195E+03
memcpy_dev_v32_movsb_avx2_v20,rand SPEC2017   ,1       ,16     ,257    ,32768    ,20000  ,32768       ,3.835E+05 ,3.841E+05 ,3.835E+05 ,3.63E+05  ,6.807E+05 ,4.918E+03
memcpy_dev_v32_movsb_avx2_v20,rand SPEC2017   ,1       ,32     ,257    ,16384    ,40000  ,16384       ,1.473E+05 ,1.459E+05 ,1.473E+05 ,1.41E+05  ,4.577E+05 ,3.784E+03
memcpy_dev_v32_movsb_avx2_v20,rand SPEC2017   ,1       ,33     ,257    ,8192     ,80000  ,8192        ,8.073E+04 ,8.056E+04 ,8.072E+04 ,7.77E+04  ,3.871E+05 ,1.853E+03
memcpy_dev_v32_movsb_avx2_v20,rand SPEC2017   ,1       ,0      ,31     ,16384    ,40000  ,16384       ,2.037E+05 ,2.035E+05 ,2.037E+05 ,1.92E+05  ,4.897E+05 ,2.718E+03
memcpy_dev_v32_movsb_avx2_v20,rand SPEC2017   ,1       ,0      ,32     ,32768    ,20000  ,32768       ,4.847E+05 ,4.839E+05 ,4.847E+05 ,4.69E+05  ,7.746E+05 ,5.194E+03
memcpy_dev_v32_movsb_avx2_v20,rand SPEC2017   ,1       ,0      ,64     ,32768    ,20000  ,32768       ,4.817E+05 ,4.813E+05 ,4.817E+05 ,4.67E+05  ,7.789E+05 ,4.591E+03
memcpy_dev_v32_movsb_avx2_v20,rand SPEC2017   ,1       ,0      ,65     ,32768    ,20000  ,32768       ,4.845E+05 ,4.833E+05 ,4.845E+05 ,4.68E+05  ,7.766E+05 ,5.902E+03
memcpy_dev_v32_movsb_avx2_v20,rand SPEC2017   ,1       ,0      ,128    ,32768    ,20000  ,32768       ,4.953E+05 ,4.934E+05 ,4.952E+05 ,4.77E+05  ,7.880E+05 ,6.624E+03
memcpy_dev_v32_movsb_avx2_v20,rand SPEC2017   ,1       ,0      ,256    ,32768    ,20000  ,32768       ,5.318E+05 ,5.284E+05 ,5.318E+05 ,5.09E+05  ,8.314E+05 ,8.379E+03
memcpy_dev_v32_movsb_avx2_v20,rand SPEC2017   ,1       ,32     ,-1     ,32768    ,20000  ,32768       ,5.591E+05 ,5.604E+05 ,5.591E+05 ,5.26E+05  ,8.539E+05 ,8.557E+03
memcpy_dev_v32_movsb_avx2_v20,rand SPEC2017   ,1       ,33     ,-1     ,8192     ,80000  ,8192        ,1.914E+05 ,1.913E+05 ,1.914E+05 ,1.85E+05  ,4.979E+05 ,2.599E+03
memcpy_dev_v32_movsb_avx2_v20,rand SPEC2017   ,1       ,64     ,-1     ,8192     ,80000  ,8192        ,1.919E+05 ,1.918E+05 ,1.919E+05 ,1.84E+05  ,4.835E+05 ,2.258E+03
memcpy_dev_v32_movsb_avx2_v20,rand SPEC2017   ,1       ,65     ,-1     ,8192     ,80000  ,8192        ,1.927E+05 ,1.926E+05 ,1.925E+05 ,1.81E+05  ,1.726E+06 ,1.977E+04
memcpy_dev_v32_movsb_avx2_v20,rand SPEC2017   ,1       ,129    ,-1     ,8192     ,80000  ,8192        ,1.992E+05 ,1.993E+05 ,1.992E+05 ,1.88E+05  ,4.894E+05 ,2.703E+03
memcpy_dev_v32_movsb_avx2_v20,rand SPEC2017   ,1       ,257    ,-1     ,4096     ,160000 ,4096        ,1.191E+05 ,1.190E+05 ,1.191E+05 ,1.17E+05  ,4.109E+05 ,1.774E+03
memcpy_dev_v32_movsb_avx2_v20,rand SPEC2017   ,1       ,0      ,-1     ,65536    ,10000  ,65536       ,1.315E+06 ,1.314E+06 ,1.315E+06 ,1.28E+06  ,1.612E+06 ,7.021E+03
memcpy_dev_v32_movsb_avx2_v20,rand SPEC2017   ,2       ,0      ,-1     ,65536    ,10000  ,65536       ,1.204E+06 ,1.203E+06 ,1.204E+06 ,1.20E+06  ,1.614E+06 ,7.606E+03
memcpy_dev_v32_movsb_avx2_v20,rand SPEC2017   ,4       ,0      ,-1     ,65536    ,10000  ,65536       ,1.565E+06 ,1.550E+06 ,1.565E+06 ,1.50E+06  ,3.034E+06 ,3.276E+04
memcpy_dev_v32_movsb_avx2_v20,rand SPEC2017   ,8       ,0      ,-1     ,65536    ,10000  ,65536       ,2.177E+06 ,2.197E+06 ,2.177E+06 ,2.08E+06  ,2.494E+06 ,3.118E+04
memcpy_dev_v32_movsb_avx2_v20,rand SPEC2017   ,16      ,0      ,-1     ,65536    ,10000  ,65536       ,3.953E+06 ,3.953E+06 ,3.953E+06 ,3.84E+06  ,4.652E+06 ,1.879E+04
memcpy_dev_v32_movsb_avx2_v20,rand SPEC2017   ,32      ,0      ,-1     ,65536    ,10000  ,65536       ,7.446E+06 ,7.511E+06 ,7.445E+06 ,7.19E+06  ,2.335E+07 ,2.086E+05
memcpy_dev_v32_movsb_avx2_v20,rand SPEC2017   ,64      ,0      ,-1     ,65536    ,10000  ,65536       ,1.515E+07 ,1.507E+07 ,1.514E+07 ,1.50E+07  ,3.967E+07 ,2.936E+05
memcpy_dev_v32_movsb_avx2_v20,rand SPEC2017   ,128     ,0      ,-1     ,65536    ,10000  ,65536       ,3.344E+07 ,3.326E+07 ,3.343E+07 ,3.31E+07  ,5.359E+07 ,3.999E+05
memcpy_dev_v32_movsb_avx2_v20,rand SPEC2017   ,256     ,0      ,-1     ,65536    ,10000  ,65536       ,7.427E+07 ,7.433E+07 ,7.427E+07 ,7.30E+07  ,9.969E+07 ,8.585E+05
memcpy_dev_v32_movsb_avx2_v21,rand SPEC2017   ,1       ,16     ,256    ,32768    ,20000  ,32768       ,4.069E+05 ,4.062E+05 ,4.068E+05 ,3.83E+05  ,6.985E+05 ,5.264E+03
memcpy_dev_v32_movsb_avx2_v21,rand SPEC2017   ,1       ,32     ,256    ,16384    ,40000  ,16384       ,1.593E+05 ,1.589E+05 ,1.593E+05 ,1.53E+05  ,4.532E+05 ,2.574E+03
memcpy_dev_v32_movsb_avx2_v21,rand SPEC2017   ,1       ,33     ,256    ,8192     ,80000  ,8192        ,8.715E+04 ,8.710E+04 ,8.715E+04 ,8.65E+04  ,3.830E+05 ,1.556E+03
memcpy_dev_v32_movsb_avx2_v21,rand SPEC2017   ,1       ,16     ,257    ,32768    ,20000  ,32768       ,3.967E+05 ,3.951E+05 ,3.966E+05 ,3.92E+05  ,6.814E+05 ,4.493E+03
memcpy_dev_v32_movsb_avx2_v21,rand SPEC2017   ,1       ,32     ,257    ,16384    ,40000  ,16384       ,1.584E+05 ,1.585E+05 ,1.584E+05 ,1.49E+05  ,4.515E+05 ,2.846E+03
memcpy_dev_v32_movsb_avx2_v21,rand SPEC2017   ,1       ,33     ,257    ,8192     ,80000  ,8192        ,8.704E+04 ,8.704E+04 ,8.676E+04 ,8.00E+04  ,1.657E+06 ,2.084E+04
memcpy_dev_v32_movsb_avx2_v21,rand SPEC2017   ,1       ,0      ,31     ,16384    ,40000  ,16384       ,2.081E+05 ,2.054E+05 ,2.080E+05 ,1.97E+05  ,5.012E+05 ,5.382E+03
memcpy_dev_v32_movsb_avx2_v21,rand SPEC2017   ,1       ,0      ,32     ,32768    ,20000  ,32768       ,4.857E+05 ,4.844E+05 ,4.856E+05 ,4.68E+05  ,7.710E+05 ,5.549E+03
memcpy_dev_v32_movsb_avx2_v21,rand SPEC2017   ,1       ,0      ,64     ,32768    ,20000  ,32768       ,4.858E+05 ,4.831E+05 ,4.857E+05 ,4.67E+05  ,7.698E+05 ,7.298E+03
memcpy_dev_v32_movsb_avx2_v21,rand SPEC2017   ,1       ,0      ,65     ,32768    ,20000  ,32768       ,4.860E+05 ,4.836E+05 ,4.859E+05 ,4.68E+05  ,7.817E+05 ,6.929E+03
memcpy_dev_v32_movsb_avx2_v21,rand SPEC2017   ,1       ,0      ,128    ,32768    ,20000  ,32768       ,4.960E+05 ,4.933E+05 ,4.959E+05 ,4.75E+05  ,7.838E+05 ,7.341E+03
memcpy_dev_v32_movsb_avx2_v21,rand SPEC2017   ,1       ,0      ,256    ,32768    ,20000  ,32768       ,5.405E+05 ,5.387E+05 ,5.404E+05 ,5.17E+05  ,8.389E+05 ,7.686E+03
memcpy_dev_v32_movsb_avx2_v21,rand SPEC2017   ,1       ,32     ,-1     ,32768    ,20000  ,32768       ,5.850E+05 ,5.849E+05 ,5.850E+05 ,5.48E+05  ,8.762E+05 ,6.839E+03
memcpy_dev_v32_movsb_avx2_v21,rand SPEC2017   ,1       ,33     ,-1     ,8192     ,80000  ,8192        ,1.928E+05 ,1.925E+05 ,1.928E+05 ,1.85E+05  ,4.851E+05 ,2.850E+03
memcpy_dev_v32_movsb_avx2_v21,rand SPEC2017   ,1       ,64     ,-1     ,8192     ,80000  ,8192        ,1.925E+05 ,1.920E+05 ,1.925E+05 ,1.86E+05  ,4.919E+05 ,3.174E+03
memcpy_dev_v32_movsb_avx2_v21,rand SPEC2017   ,1       ,65     ,-1     ,8192     ,80000  ,8192        ,1.953E+05 ,1.950E+05 ,1.952E+05 ,1.87E+05  ,4.903E+05 ,2.697E+03
memcpy_dev_v32_movsb_avx2_v21,rand SPEC2017   ,1       ,129    ,-1     ,8192     ,80000  ,8192        ,2.047E+05 ,2.038E+05 ,2.047E+05 ,1.96E+05  ,5.214E+05 ,4.025E+03
memcpy_dev_v32_movsb_avx2_v21,rand SPEC2017   ,1       ,257    ,-1     ,4096     ,160000 ,4096        ,1.197E+05 ,1.190E+05 ,1.195E+05 ,1.14E+05  ,1.573E+06 ,1.417E+04
memcpy_dev_v32_movsb_avx2_v21,rand SPEC2017   ,1       ,0      ,-1     ,65536    ,10000  ,65536       ,1.347E+06 ,1.343E+06 ,1.347E+06 ,1.30E+06  ,1.628E+06 ,1.455E+04
memcpy_dev_v32_movsb_avx2_v21,rand SPEC2017   ,2       ,0      ,-1     ,65536    ,10000  ,65536       ,1.212E+06 ,1.208E+06 ,1.212E+06 ,1.16E+06  ,1.532E+06 ,1.897E+04
memcpy_dev_v32_movsb_avx2_v21,rand SPEC2017   ,4       ,0      ,-1     ,65536    ,10000  ,65536       ,1.598E+06 ,1.604E+06 ,1.598E+06 ,1.52E+06  ,1.897E+06 ,1.921E+04
memcpy_dev_v32_movsb_avx2_v21,rand SPEC2017   ,8       ,0      ,-1     ,65536    ,10000  ,65536       ,2.207E+06 ,2.213E+06 ,2.207E+06 ,2.09E+06  ,2.557E+06 ,2.227E+04
memcpy_dev_v32_movsb_avx2_v21,rand SPEC2017   ,16      ,0      ,-1     ,65536    ,10000  ,65536       ,3.997E+06 ,3.989E+06 ,3.997E+06 ,3.92E+06  ,4.287E+06 ,3.113E+04
memcpy_dev_v32_movsb_avx2_v21,rand SPEC2017   ,32      ,0      ,-1     ,65536    ,10000  ,65536       ,7.481E+06 ,7.501E+06 ,7.479E+06 ,7.23E+06  ,2.294E+07 ,1.936E+05
memcpy_dev_v32_movsb_avx2_v21,rand SPEC2017   ,64      ,0      ,-1     ,65536    ,10000  ,65536       ,1.503E+07 ,1.490E+07 ,1.503E+07 ,1.48E+07  ,1.784E+07 ,1.919E+05
memcpy_dev_v32_movsb_avx2_v21,rand SPEC2017   ,128     ,0      ,-1     ,65536    ,10000  ,65536       ,3.201E+07 ,3.184E+07 ,3.201E+07 ,3.17E+07  ,5.212E+07 ,3.847E+05
memcpy_dev_v32_movsb_avx2_v21,rand SPEC2017   ,256     ,0      ,-1     ,65536    ,10000  ,65536       ,7.266E+07 ,7.279E+07 ,7.266E+07 ,7.14E+07  ,9.875E+07 ,8.732E+05
memcpy_dev_v32_movsb_avx2_v22,rand SPEC2017   ,1       ,16     ,256    ,32768    ,20000  ,32768       ,4.009E+05 ,4.036E+05 ,4.008E+05 ,3.81E+05  ,7.078E+05 ,8.053E+03
memcpy_dev_v32_movsb_avx2_v22,rand SPEC2017   ,1       ,32     ,256    ,16384    ,40000  ,16384       ,1.552E+05 ,1.545E+05 ,1.552E+05 ,1.53E+05  ,4.466E+05 ,4.607E+03
memcpy_dev_v32_movsb_avx2_v22,rand SPEC2017   ,1       ,33     ,256    ,8192     ,80000  ,8192        ,8.643E+04 ,8.717E+04 ,8.640E+04 ,8.20E+04  ,3.741E+05 ,2.355E+03
memcpy_dev_v32_movsb_avx2_v22,rand SPEC2017   ,1       ,16     ,257    ,32768    ,20000  ,32768       ,3.942E+05 ,3.932E+05 ,3.941E+05 ,3.71E+05  ,6.988E+05 ,8.705E+03
memcpy_dev_v32_movsb_avx2_v22,rand SPEC2017   ,1       ,32     ,257    ,16384    ,40000  ,16384       ,1.525E+05 ,1.535E+05 ,1.525E+05 ,1.45E+05  ,4.469E+05 ,4.241E+03
memcpy_dev_v32_movsb_avx2_v22,rand SPEC2017   ,1       ,33     ,257    ,8192     ,80000  ,8192        ,8.629E+04 ,8.539E+04 ,8.627E+04 ,8.19E+04  ,3.918E+05 ,2.519E+03
memcpy_dev_v32_movsb_avx2_v22,rand SPEC2017   ,1       ,0      ,31     ,16384    ,40000  ,16384       ,2.013E+05 ,2.023E+05 ,2.013E+05 ,1.91E+05  ,4.918E+05 ,4.145E+03
memcpy_dev_v32_movsb_avx2_v22,rand SPEC2017   ,1       ,0      ,32     ,32768    ,20000  ,32768       ,4.890E+05 ,4.928E+05 ,4.889E+05 ,4.67E+05  ,7.937E+05 ,8.414E+03
memcpy_dev_v32_movsb_avx2_v22,rand SPEC2017   ,1       ,0      ,64     ,32768    ,20000  ,32768       ,4.881E+05 ,4.906E+05 ,4.880E+05 ,4.63E+05  ,7.780E+05 ,7.740E+03
memcpy_dev_v32_movsb_avx2_v22,rand SPEC2017   ,1       ,0      ,65     ,32768    ,20000  ,32768       ,4.903E+05 ,4.925E+05 ,4.902E+05 ,4.64E+05  ,7.843E+05 ,7.327E+03
memcpy_dev_v32_movsb_avx2_v22,rand SPEC2017   ,1       ,0      ,128    ,32768    ,20000  ,32768       ,4.991E+05 ,4.947E+05 ,4.990E+05 ,4.79E+05  ,7.812E+05 ,8.706E+03
memcpy_dev_v32_movsb_avx2_v22,rand SPEC2017   ,1       ,0      ,256    ,32768    ,20000  ,32768       ,5.477E+05 ,5.443E+05 ,5.477E+05 ,5.23E+05  ,8.488E+05 ,9.191E+03
memcpy_dev_v32_movsb_avx2_v22,rand SPEC2017   ,1       ,32     ,-1     ,32768    ,20000  ,32768       ,5.799E+05 ,5.804E+05 ,5.798E+05 ,5.47E+05  ,8.755E+05 ,1.165E+04
memcpy_dev_v32_movsb_avx2_v22,rand SPEC2017   ,1       ,33     ,-1     ,8192     ,80000  ,8192        ,1.967E+05 ,1.965E+05 ,1.967E+05 ,1.91E+05  ,4.949E+05 ,2.461E+03
memcpy_dev_v32_movsb_avx2_v22,rand SPEC2017   ,1       ,64     ,-1     ,8192     ,80000  ,8192        ,1.959E+05 ,1.956E+05 ,1.959E+05 ,1.89E+05  ,4.838E+05 ,2.807E+03
memcpy_dev_v32_movsb_avx2_v22,rand SPEC2017   ,1       ,65     ,-1     ,8192     ,80000  ,8192        ,2.002E+05 ,1.999E+05 ,2.002E+05 ,1.93E+05  ,4.930E+05 ,3.591E+03
memcpy_dev_v32_movsb_avx2_v22,rand SPEC2017   ,1       ,129    ,-1     ,8192     ,80000  ,8192        ,2.051E+05 ,2.047E+05 ,2.051E+05 ,1.97E+05  ,4.962E+05 ,2.906E+03
memcpy_dev_v32_movsb_avx2_v22,rand SPEC2017   ,1       ,257    ,-1     ,4096     ,160000 ,4096        ,1.192E+05 ,1.185E+05 ,1.192E+05 ,1.14E+05  ,4.155E+05 ,3.023E+03
memcpy_dev_v32_movsb_avx2_v22,rand SPEC2017   ,1       ,0      ,-1     ,65536    ,10000  ,65536       ,1.356E+06 ,1.346E+06 ,1.356E+06 ,1.30E+06  ,1.666E+06 ,2.048E+04
memcpy_dev_v32_movsb_avx2_v22,rand SPEC2017   ,2       ,0      ,-1     ,65536    ,10000  ,65536       ,1.212E+06 ,1.221E+06 ,1.212E+06 ,1.16E+06  ,1.738E+06 ,2.439E+04
memcpy_dev_v32_movsb_avx2_v22,rand SPEC2017   ,4       ,0      ,-1     ,65536    ,10000  ,65536       ,1.613E+06 ,1.621E+06 ,1.613E+06 ,1.53E+06  ,2.333E+06 ,2.818E+04
memcpy_dev_v32_movsb_avx2_v22,rand SPEC2017   ,8       ,0      ,-1     ,65536    ,10000  ,65536       ,2.222E+06 ,2.219E+06 ,2.221E+06 ,2.10E+06  ,9.556E+06 ,1.176E+05
memcpy_dev_v32_movsb_avx2_v22,rand SPEC2017   ,16      ,0      ,-1     ,65536    ,10000  ,65536       ,4.025E+06 ,4.001E+06 ,4.024E+06 ,3.90E+06  ,6.171E+06 ,6.671E+04
memcpy_dev_v32_movsb_avx2_v22,rand SPEC2017   ,32      ,0      ,-1     ,65536    ,10000  ,65536       ,7.509E+06 ,7.508E+06 ,7.508E+06 ,7.27E+06  ,1.201E+07 ,7.700E+04
memcpy_dev_v32_movsb_avx2_v22,rand SPEC2017   ,64      ,0      ,-1     ,65536    ,10000  ,65536       ,1.525E+07 ,1.537E+07 ,1.525E+07 ,1.49E+07  ,2.829E+07 ,2.597E+05
memcpy_dev_v32_movsb_avx2_v22,rand SPEC2017   ,128     ,0      ,-1     ,65536    ,10000  ,65536       ,3.299E+07 ,3.311E+07 ,3.298E+07 ,3.24E+07  ,5.667E+07 ,5.063E+05
memcpy_dev_v32_movsb_avx2_v22,rand SPEC2017   ,256     ,0      ,-1     ,65536    ,10000  ,65536       ,7.359E+07 ,7.371E+07 ,7.358E+07 ,7.23E+07  ,9.849E+07 ,8.611E+05
memcpy_glibc_v32_movsb_avx2,rand SPEC2017   ,1       ,16     ,256    ,32768    ,20000  ,32768       ,4.208E+05 ,4.221E+05 ,4.207E+05 ,3.98E+05  ,7.142E+05 ,7.951E+03
memcpy_glibc_v32_movsb_avx2,rand SPEC2017   ,1       ,32     ,256    ,16384    ,40000  ,16384       ,1.628E+05 ,1.626E+05 ,1.628E+05 ,1.58E+05  ,4.596E+05 ,2.294E+03
memcpy_glibc_v32_movsb_avx2,rand SPEC2017   ,1       ,33     ,256    ,8192     ,80000  ,8192        ,9.201E+04 ,9.202E+04 ,9.200E+04 ,8.66E+04  ,3.871E+05 ,1.687E+03
memcpy_glibc_v32_movsb_avx2,rand SPEC2017   ,1       ,16     ,257    ,32768    ,20000  ,32768       ,4.100E+05 ,4.097E+05 ,4.100E+05 ,3.87E+05  ,6.969E+05 ,5.591E+03
memcpy_glibc_v32_movsb_avx2,rand SPEC2017   ,1       ,32     ,257    ,16384    ,40000  ,16384       ,1.607E+05 ,1.590E+05 ,1.607E+05 ,1.53E+05  ,4.561E+05 ,3.718E+03
memcpy_glibc_v32_movsb_avx2,rand SPEC2017   ,1       ,33     ,257    ,8192     ,80000  ,8192        ,9.085E+04 ,9.167E+04 ,9.082E+04 ,8.63E+04  ,3.842E+05 ,2.613E+03
memcpy_glibc_v32_movsb_avx2,rand SPEC2017   ,1       ,0      ,31     ,16384    ,40000  ,16384       ,2.173E+05 ,2.173E+05 ,2.173E+05 ,2.05E+05  ,5.046E+05 ,2.484E+03
memcpy_glibc_v32_movsb_avx2,rand SPEC2017   ,1       ,0      ,32     ,32768    ,20000  ,32768       ,4.991E+05 ,4.965E+05 ,4.990E+05 ,4.81E+05  ,7.925E+05 ,7.901E+03
memcpy_glibc_v32_movsb_avx2,rand SPEC2017   ,1       ,0      ,64     ,32768    ,20000  ,32768       ,5.012E+05 ,4.968E+05 ,5.011E+05 ,4.80E+05  ,7.881E+05 ,8.915E+03
memcpy_glibc_v32_movsb_avx2,rand SPEC2017   ,1       ,0      ,65     ,32768    ,20000  ,32768       ,5.005E+05 ,4.961E+05 ,5.004E+05 ,4.78E+05  ,7.999E+05 ,8.131E+03
memcpy_glibc_v32_movsb_avx2,rand SPEC2017   ,1       ,0      ,128    ,32768    ,20000  ,32768       ,5.102E+05 ,5.076E+05 ,5.101E+05 ,4.92E+05  ,7.973E+05 ,7.034E+03
memcpy_glibc_v32_movsb_avx2,rand SPEC2017   ,1       ,0      ,256    ,32768    ,20000  ,32768       ,5.629E+05 ,5.656E+05 ,5.629E+05 ,5.34E+05  ,8.606E+05 ,9.443E+03
memcpy_glibc_v32_movsb_avx2,rand SPEC2017   ,1       ,32     ,-1     ,32768    ,20000  ,32768       ,6.252E+05 ,6.253E+05 ,6.252E+05 ,5.87E+05  ,9.160E+05 ,6.825E+03
memcpy_glibc_v32_movsb_avx2,rand SPEC2017   ,1       ,33     ,-1     ,8192     ,80000  ,8192        ,2.065E+05 ,2.046E+05 ,2.062E+05 ,1.97E+05  ,1.720E+06 ,2.154E+04
memcpy_glibc_v32_movsb_avx2,rand SPEC2017   ,1       ,64     ,-1     ,8192     ,80000  ,8192        ,2.063E+05 ,2.047E+05 ,2.062E+05 ,1.97E+05  ,4.996E+05 ,4.203E+03
memcpy_glibc_v32_movsb_avx2,rand SPEC2017   ,1       ,65     ,-1     ,8192     ,80000  ,8192        ,2.085E+05 ,2.075E+05 ,2.085E+05 ,2.00E+05  ,5.042E+05 ,3.807E+03
memcpy_glibc_v32_movsb_avx2,rand SPEC2017   ,1       ,129    ,-1     ,8192     ,80000  ,8192        ,2.134E+05 ,2.118E+05 ,2.134E+05 ,2.04E+05  ,5.148E+05 ,4.255E+03
memcpy_glibc_v32_movsb_avx2,rand SPEC2017   ,1       ,257    ,-1     ,4096     ,160000 ,4096        ,1.345E+05 ,1.355E+05 ,1.345E+05 ,1.27E+05  ,4.245E+05 ,3.228E+03
memcpy_glibc_v32_movsb_avx2,rand SPEC2017   ,1       ,0      ,-1     ,65536    ,10000  ,65536       ,1.402E+06 ,1.401E+06 ,1.402E+06 ,1.36E+06  ,1.875E+06 ,1.096E+04
memcpy_glibc_v32_movsb_avx2,rand SPEC2017   ,2       ,0      ,-1     ,65536    ,10000  ,65536       ,1.296E+06 ,1.284E+06 ,1.296E+06 ,1.24E+06  ,1.570E+06 ,2.012E+04
memcpy_glibc_v32_movsb_avx2,rand SPEC2017   ,4       ,0      ,-1     ,65536    ,10000  ,65536       ,1.679E+06 ,1.662E+06 ,1.679E+06 ,1.61E+06  ,2.018E+06 ,2.588E+04
memcpy_glibc_v32_movsb_avx2,rand SPEC2017   ,8       ,0      ,-1     ,65536    ,10000  ,65536       ,2.370E+06 ,2.388E+06 ,2.369E+06 ,2.26E+06  ,2.833E+06 ,3.336E+04
memcpy_glibc_v32_movsb_avx2,rand SPEC2017   ,16      ,0      ,-1     ,65536    ,10000  ,65536       ,4.281E+06 ,4.272E+06 ,4.280E+06 ,4.16E+06  ,1.697E+07 ,1.449E+05
memcpy_glibc_v32_movsb_avx2,rand SPEC2017   ,32      ,0      ,-1     ,65536    ,10000  ,65536       ,8.114E+06 ,8.166E+06 ,8.114E+06 ,7.88E+06  ,8.722E+06 ,9.462E+04
memcpy_glibc_v32_movsb_avx2,rand SPEC2017   ,64      ,0      ,-1     ,65536    ,10000  ,65536       ,1.630E+07 ,1.616E+07 ,1.630E+07 ,1.60E+07  ,3.005E+07 ,2.701E+05
memcpy_glibc_v32_movsb_avx2,rand SPEC2017   ,128     ,0      ,-1     ,65536    ,10000  ,65536       ,3.425E+07 ,3.399E+07 ,3.425E+07 ,3.38E+07  ,5.800E+07 ,4.922E+05
memcpy_glibc_v32_movsb_avx2,rand SPEC2017   ,256     ,0      ,-1     ,65536    ,10000  ,65536       ,7.702E+07 ,7.683E+07 ,7.702E+07 ,7.62E+07  ,1.017E+08 ,8.720E+05
memcpy_dev_v32_movsb_avx2_v19,rand SPEC2017   ,1       ,16     ,256    ,32768    ,20000  ,32768       ,4.038E+05 ,4.037E+05 ,4.037E+05 ,3.81E+05  ,7.042E+05 ,6.424E+03
memcpy_dev_v32_movsb_avx2_v19,rand SPEC2017   ,1       ,32     ,256    ,16384    ,40000  ,16384       ,1.544E+05 ,1.535E+05 ,1.544E+05 ,1.49E+05  ,4.854E+05 ,3.288E+03
memcpy_dev_v32_movsb_avx2_v19,rand SPEC2017   ,1       ,33     ,256    ,8192     ,80000  ,8192        ,8.747E+04 ,8.759E+04 ,8.746E+04 ,8.22E+04  ,3.807E+05 ,2.102E+03
memcpy_dev_v32_movsb_avx2_v19,rand SPEC2017   ,1       ,16     ,257    ,32768    ,20000  ,32768       ,3.959E+05 ,3.941E+05 ,3.958E+05 ,3.73E+05  ,6.917E+05 ,5.815E+03
memcpy_dev_v32_movsb_avx2_v19,rand SPEC2017   ,1       ,32     ,257    ,16384    ,40000  ,16384       ,1.529E+05 ,1.533E+05 ,1.528E+05 ,1.44E+05  ,4.496E+05 ,3.597E+03
memcpy_dev_v32_movsb_avx2_v19,rand SPEC2017   ,1       ,33     ,257    ,8192     ,80000  ,8192        ,8.585E+04 ,8.503E+04 ,8.582E+04 ,8.21E+04  ,3.714E+05 ,2.305E+03
memcpy_dev_v32_movsb_avx2_v19,rand SPEC2017   ,1       ,0      ,31     ,16384    ,40000  ,16384       ,1.999E+05 ,1.986E+05 ,1.999E+05 ,1.91E+05  ,4.972E+05 ,3.821E+03
memcpy_dev_v32_movsb_avx2_v19,rand SPEC2017   ,1       ,0      ,32     ,32768    ,20000  ,32768       ,4.869E+05 ,4.838E+05 ,4.869E+05 ,4.65E+05  ,7.880E+05 ,8.241E+03
memcpy_dev_v32_movsb_avx2_v19,rand SPEC2017   ,1       ,0      ,64     ,32768    ,20000  ,32768       ,4.842E+05 ,4.804E+05 ,4.842E+05 ,4.64E+05  ,7.775E+05 ,7.868E+03
memcpy_dev_v32_movsb_avx2_v19,rand SPEC2017   ,1       ,0      ,65     ,32768    ,20000  ,32768       ,4.852E+05 ,4.813E+05 ,4.851E+05 ,4.65E+05  ,7.783E+05 ,7.859E+03
memcpy_dev_v32_movsb_avx2_v19,rand SPEC2017   ,1       ,0      ,128    ,32768    ,20000  ,32768       ,5.026E+05 ,5.061E+05 ,5.025E+05 ,4.79E+05  ,7.997E+05 ,8.188E+03
memcpy_dev_v32_movsb_avx2_v19,rand SPEC2017   ,1       ,0      ,256    ,32768    ,20000  ,32768       ,5.420E+05 ,5.403E+05 ,5.420E+05 ,5.24E+05  ,8.347E+05 ,6.777E+03
memcpy_dev_v32_movsb_avx2_v19,rand SPEC2017   ,1       ,32     ,-1     ,32768    ,20000  ,32768       ,6.098E+05 ,6.117E+05 ,6.097E+05 ,5.77E+05  ,9.118E+05 ,1.119E+04
memcpy_dev_v32_movsb_avx2_v19,rand SPEC2017   ,1       ,33     ,-1     ,8192     ,80000  ,8192        ,2.108E+05 ,2.102E+05 ,2.108E+05 ,2.02E+05  ,5.031E+05 ,3.740E+03
memcpy_dev_v32_movsb_avx2_v19,rand SPEC2017   ,1       ,64     ,-1     ,8192     ,80000  ,8192        ,2.107E+05 ,2.104E+05 ,2.107E+05 ,2.02E+05  ,5.001E+05 ,2.897E+03
memcpy_dev_v32_movsb_avx2_v19,rand SPEC2017   ,1       ,65     ,-1     ,8192     ,80000  ,8192        ,2.124E+05 ,2.123E+05 ,2.124E+05 ,2.05E+05  ,5.093E+05 ,2.610E+03
memcpy_dev_v32_movsb_avx2_v19,rand SPEC2017   ,1       ,129    ,-1     ,8192     ,80000  ,8192        ,2.179E+05 ,2.176E+05 ,2.179E+05 ,2.10E+05  ,5.146E+05 ,3.166E+03
memcpy_dev_v32_movsb_avx2_v19,rand SPEC2017   ,1       ,257    ,-1     ,4096     ,160000 ,4096        ,1.276E+05 ,1.283E+05 ,1.276E+05 ,1.20E+05  ,4.148E+05 ,3.133E+03
memcpy_dev_v32_movsb_avx2_v19,rand SPEC2017   ,1       ,0      ,-1     ,65536    ,10000  ,65536       ,1.375E+06 ,1.374E+06 ,1.375E+06 ,1.31E+06  ,1.669E+06 ,8.896E+03
memcpy_dev_v32_movsb_avx2_v19,rand SPEC2017   ,2       ,0      ,-1     ,65536    ,10000  ,65536       ,1.264E+06 ,1.261E+06 ,1.264E+06 ,1.25E+06  ,1.654E+06 ,9.933E+03
memcpy_dev_v32_movsb_avx2_v19,rand SPEC2017   ,4       ,0      ,-1     ,65536    ,10000  ,65536       ,1.669E+06 ,1.653E+06 ,1.668E+06 ,1.60E+06  ,1.977E+06 ,2.514E+04
memcpy_dev_v32_movsb_avx2_v19,rand SPEC2017   ,8       ,0      ,-1     ,65536    ,10000  ,65536       ,2.293E+06 ,2.293E+06 ,2.292E+06 ,2.13E+06  ,9.995E+06 ,1.214E+05
memcpy_dev_v32_movsb_avx2_v19,rand SPEC2017   ,16      ,0      ,-1     ,65536    ,10000  ,65536       ,4.174E+06 ,4.215E+06 ,4.173E+06 ,3.99E+06  ,5.925E+06 ,6.146E+04
memcpy_dev_v32_movsb_avx2_v19,rand SPEC2017   ,32      ,0      ,-1     ,65536    ,10000  ,65536       ,7.639E+06 ,7.599E+06 ,7.639E+06 ,7.49E+06  ,8.456E+06 ,8.419E+04
memcpy_dev_v32_movsb_avx2_v19,rand SPEC2017   ,64      ,0      ,-1     ,65536    ,10000  ,65536       ,1.560E+07 ,1.559E+07 ,1.560E+07 ,1.52E+07  ,2.796E+07 ,1.903E+05
