impl name               ,test name       ,size    ,al dst ,al src ,dst > src,trials ,inner trials,mean      ,median    ,geomean   ,min       ,max       ,stdev
memcpy_dev_v32_movsb_avx2_v19,rand SPEC2017   ,1       ,16     ,256    ,32768    ,20000  ,32768       ,3.062E+05 ,3.045E+05 ,3.061E+05 ,3.02E+05  ,4.102E+05 ,4.782E+03
memcpy_dev_v32_movsb_avx2_v19,rand SPEC2017   ,1       ,32     ,256    ,16384    ,40000  ,16384       ,1.207E+05 ,1.199E+05 ,1.206E+05 ,1.16E+05  ,2.308E+05 ,4.115E+03
memcpy_dev_v32_movsb_avx2_v19,rand SPEC2017   ,1       ,33     ,256    ,8192     ,80000  ,8192        ,6.987E+04 ,6.993E+04 ,6.980E+04 ,6.61E+04  ,2.202E+05 ,3.737E+03
memcpy_dev_v32_movsb_avx2_v19,rand SPEC2017   ,1       ,16     ,257    ,32768    ,20000  ,32768       ,3.203E+05 ,3.190E+05 ,3.202E+05 ,3.02E+05  ,4.657E+05 ,8.591E+03
memcpy_dev_v32_movsb_avx2_v19,rand SPEC2017   ,1       ,32     ,257    ,16384    ,40000  ,16384       ,1.266E+05 ,1.272E+05 ,1.266E+05 ,1.21E+05  ,2.722E+05 ,4.208E+03
memcpy_dev_v32_movsb_avx2_v19,rand SPEC2017   ,1       ,33     ,257    ,8192     ,80000  ,8192        ,7.334E+04 ,7.348E+04 ,7.332E+04 ,6.94E+04  ,1.494E+05 ,1.964E+03
memcpy_dev_v32_movsb_avx2_v19,rand SPEC2017   ,1       ,0      ,31     ,16384    ,40000  ,16384       ,1.781E+05 ,1.778E+05 ,1.781E+05 ,1.73E+05  ,2.829E+05 ,2.818E+03
memcpy_dev_v32_movsb_avx2_v19,rand SPEC2017   ,1       ,0      ,32     ,32768    ,20000  ,32768       ,4.336E+05 ,4.355E+05 ,4.334E+05 ,4.15E+05  ,6.876E+05 ,1.124E+04
memcpy_dev_v32_movsb_avx2_v19,rand SPEC2017   ,1       ,0      ,64     ,32768    ,20000  ,32768       ,4.339E+05 ,4.337E+05 ,4.339E+05 ,4.11E+05  ,6.155E+05 ,7.247E+03
memcpy_dev_v32_movsb_avx2_v19,rand SPEC2017   ,1       ,0      ,65     ,32768    ,20000  ,32768       ,4.384E+05 ,4.356E+05 ,4.383E+05 ,4.23E+05  ,5.887E+05 ,7.740E+03
memcpy_dev_v32_movsb_avx2_v19,rand SPEC2017   ,1       ,0      ,128    ,32768    ,20000  ,32768       ,4.653E+05 ,4.547E+05 ,4.568E+05 ,4.23E+05  ,1.733E+07 ,2.797E+05
memcpy_dev_v32_movsb_avx2_v19,rand SPEC2017   ,1       ,0      ,256    ,32768    ,20000  ,32768       ,5.032E+05 ,4.856E+05 ,4.892E+05 ,4.52E+05  ,3.883E+07 ,4.789E+05
memcpy_dev_v32_movsb_avx2_v19,rand SPEC2017   ,1       ,32     ,-1     ,32768    ,20000  ,32768       ,5.199E+05 ,5.198E+05 ,5.198E+05 ,4.92E+05  ,7.744E+05 ,9.174E+03
memcpy_dev_v32_movsb_avx2_v19,rand SPEC2017   ,1       ,33     ,-1     ,8192     ,80000  ,8192        ,1.775E+05 ,1.766E+05 ,1.774E+05 ,1.70E+05  ,2.692E+05 ,3.016E+03
memcpy_dev_v32_movsb_avx2_v19,rand SPEC2017   ,1       ,64     ,-1     ,8192     ,80000  ,8192        ,1.787E+05 ,1.773E+05 ,1.787E+05 ,1.71E+05  ,2.484E+05 ,3.425E+03
memcpy_dev_v32_movsb_avx2_v19,rand SPEC2017   ,1       ,65     ,-1     ,8192     ,80000  ,8192        ,1.810E+05 ,1.820E+05 ,1.810E+05 ,1.72E+05  ,2.754E+05 ,3.446E+03
memcpy_dev_v32_movsb_avx2_v19,rand SPEC2017   ,1       ,129    ,-1     ,8192     ,80000  ,8192        ,1.881E+05 ,1.884E+05 ,1.881E+05 ,1.77E+05  ,3.068E+05 ,2.535E+03
memcpy_dev_v32_movsb_avx2_v19,rand SPEC2017   ,1       ,257    ,-1     ,4096     ,160000 ,4096        ,1.130E+05 ,1.130E+05 ,1.130E+05 ,1.09E+05  ,1.514E+05 ,7.468E+02
memcpy_dev_v32_movsb_avx2_v19,rand SPEC2017   ,1       ,0      ,-1     ,65536    ,10000  ,65536       ,1.258E+06 ,1.254E+06 ,1.258E+06 ,1.22E+06  ,1.602E+06 ,1.390E+04
memcpy_dev_v32_movsb_avx2_v19,rand SPEC2017   ,2       ,0      ,-1     ,65536    ,10000  ,65536       ,1.154E+06 ,1.152E+06 ,1.154E+06 ,1.10E+06  ,1.238E+06 ,1.764E+04
memcpy_dev_v32_movsb_avx2_v19,rand SPEC2017   ,4       ,0      ,-1     ,65536    ,10000  ,65536       ,1.505E+06 ,1.512E+06 ,1.505E+06 ,1.43E+06  ,1.587E+06 ,1.821E+04
memcpy_dev_v32_movsb_avx2_v19,rand SPEC2017   ,8       ,0      ,-1     ,65536    ,10000  ,65536       ,2.084E+06 ,2.083E+06 ,2.084E+06 ,1.98E+06  ,2.149E+06 ,5.686E+03
memcpy_dev_v32_movsb_avx2_v19,rand SPEC2017   ,16      ,0      ,-1     ,65536    ,10000  ,65536       ,3.846E+06 ,3.866E+06 ,3.844E+06 ,3.60E+06  ,3.243E+07 ,2.908E+05
memcpy_dev_v32_movsb_avx2_v19,rand SPEC2017   ,32      ,0      ,-1     ,65536    ,10000  ,65536       ,7.226E+06 ,7.272E+06 ,7.225E+06 ,7.02E+06  ,8.212E+06 ,8.352E+04
memcpy_dev_v32_movsb_avx2_v19,rand SPEC2017   ,64      ,0      ,-1     ,65536    ,10000  ,65536       ,1.495E+07 ,1.500E+07 ,1.495E+07 ,1.46E+07  ,4.464E+07 ,3.388E+05
memcpy_dev_v32_movsb_avx2_v19,rand SPEC2017   ,128     ,0      ,-1     ,65536    ,10000  ,65536       ,3.195E+07 ,3.174E+07 ,3.194E+07 ,3.08E+07  ,6.192E+07 ,5.552E+05
memcpy_dev_v32_movsb_avx2_v19,rand SPEC2017   ,256     ,0      ,-1     ,65536    ,10000  ,65536       ,7.393E+07 ,7.383E+07 ,7.393E+07 ,7.18E+07  ,1.040E+08 ,7.264E+05
memcpy_dev_v32_movsb_avx2_v20,rand SPEC2017   ,1       ,16     ,256    ,32768    ,20000  ,32768       ,4.048E+05 ,4.070E+05 ,4.047E+05 ,3.83E+05  ,5.707E+05 ,7.238E+03
memcpy_dev_v32_movsb_avx2_v20,rand SPEC2017   ,1       ,32     ,256    ,16384    ,40000  ,16384       ,1.527E+05 ,1.519E+05 ,1.527E+05 ,1.46E+05  ,1.944E+05 ,2.472E+03
memcpy_dev_v32_movsb_avx2_v20,rand SPEC2017   ,1       ,33     ,256    ,8192     ,80000  ,8192        ,8.446E+04 ,8.454E+04 ,8.446E+04 ,7.91E+04  ,1.317E+05 ,9.493E+02
memcpy_dev_v32_movsb_avx2_v20,rand SPEC2017   ,1       ,16     ,257    ,32768    ,20000  ,32768       ,3.959E+05 ,3.952E+05 ,3.958E+05 ,3.72E+05  ,5.937E+05 ,6.697E+03
memcpy_dev_v32_movsb_avx2_v20,rand SPEC2017   ,1       ,32     ,257    ,16384    ,40000  ,16384       ,1.518E+05 ,1.518E+05 ,1.518E+05 ,1.46E+05  ,2.093E+05 ,1.381E+03
memcpy_dev_v32_movsb_avx2_v20,rand SPEC2017   ,1       ,33     ,257    ,8192     ,80000  ,8192        ,8.185E+04 ,8.141E+04 ,8.183E+04 ,7.83E+04  ,1.305E+05 ,1.494E+03
memcpy_dev_v32_movsb_avx2_v20,rand SPEC2017   ,1       ,0      ,31     ,16384    ,40000  ,16384       ,2.204E+05 ,2.203E+05 ,2.204E+05 ,2.17E+05  ,2.666E+05 ,1.215E+03
memcpy_dev_v32_movsb_avx2_v20,rand SPEC2017   ,1       ,0      ,32     ,32768    ,20000  ,32768       ,5.114E+05 ,5.092E+05 ,5.114E+05 ,4.92E+05  ,5.522E+05 ,6.089E+03
memcpy_dev_v32_movsb_avx2_v20,rand SPEC2017   ,1       ,0      ,64     ,32768    ,20000  ,32768       ,5.122E+05 ,5.091E+05 ,5.121E+05 ,4.92E+05  ,6.652E+05 ,7.089E+03
memcpy_dev_v32_movsb_avx2_v20,rand SPEC2017   ,1       ,0      ,65     ,32768    ,20000  ,32768       ,5.117E+05 ,5.078E+05 ,5.116E+05 ,4.90E+05  ,5.708E+05 ,7.575E+03
memcpy_dev_v32_movsb_avx2_v20,rand SPEC2017   ,1       ,0      ,128    ,32768    ,20000  ,32768       ,5.205E+05 ,5.189E+05 ,5.204E+05 ,5.03E+05  ,7.462E+05 ,7.831E+03
memcpy_dev_v32_movsb_avx2_v20,rand SPEC2017   ,1       ,0      ,256    ,32768    ,20000  ,32768       ,5.527E+05 ,5.517E+05 ,5.527E+05 ,5.34E+05  ,7.934E+05 ,7.658E+03
memcpy_dev_v32_movsb_avx2_v20,rand SPEC2017   ,1       ,32     ,-1     ,32768    ,20000  ,32768       ,6.133E+05 ,6.144E+05 ,6.132E+05 ,5.78E+05  ,6.782E+05 ,9.191E+03
memcpy_dev_v32_movsb_avx2_v20,rand SPEC2017   ,1       ,33     ,-1     ,8192     ,80000  ,8192        ,2.159E+05 ,2.162E+05 ,2.159E+05 ,2.03E+05  ,3.594E+05 ,3.536E+03
memcpy_dev_v32_movsb_avx2_v20,rand SPEC2017   ,1       ,64     ,-1     ,8192     ,80000  ,8192        ,2.168E+05 ,2.169E+05 ,2.167E+05 ,2.04E+05  ,3.448E+05 ,3.227E+03
memcpy_dev_v32_movsb_avx2_v20,rand SPEC2017   ,1       ,65     ,-1     ,8192     ,80000  ,8192        ,2.174E+05 ,2.175E+05 ,2.170E+05 ,2.04E+05  ,1.726E+07 ,6.492E+04
memcpy_dev_v32_movsb_avx2_v20,rand SPEC2017   ,1       ,129    ,-1     ,8192     ,80000  ,8192        ,2.259E+05 ,2.263E+05 ,2.259E+05 ,2.12E+05  ,3.610E+05 ,4.052E+03
memcpy_dev_v32_movsb_avx2_v20,rand SPEC2017   ,1       ,257    ,-1     ,4096     ,160000 ,4096        ,1.362E+05 ,1.361E+05 ,1.362E+05 ,1.31E+05  ,2.259E+05 ,1.291E+03
memcpy_dev_v32_movsb_avx2_v20,rand SPEC2017   ,1       ,0      ,-1     ,65536    ,10000  ,65536       ,1.413E+06 ,1.411E+06 ,1.413E+06 ,1.37E+06  ,1.720E+06 ,8.883E+03
memcpy_dev_v32_movsb_avx2_v20,rand SPEC2017   ,2       ,0      ,-1     ,65536    ,10000  ,65536       ,1.347E+06 ,1.344E+06 ,1.347E+06 ,1.34E+06  ,1.464E+06 ,7.483E+03
memcpy_dev_v32_movsb_avx2_v20,rand SPEC2017   ,4       ,0      ,-1     ,65536    ,10000  ,65536       ,1.728E+06 ,1.714E+06 ,1.728E+06 ,1.66E+06  ,2.878E+06 ,4.045E+04
memcpy_dev_v32_movsb_avx2_v20,rand SPEC2017   ,8       ,0      ,-1     ,65536    ,10000  ,65536       ,2.370E+06 ,2.345E+06 ,2.370E+06 ,2.27E+06  ,2.988E+06 ,3.528E+04
memcpy_dev_v32_movsb_avx2_v20,rand SPEC2017   ,16      ,0      ,-1     ,65536    ,10000  ,65536       ,4.312E+06 ,4.282E+06 ,4.311E+06 ,4.16E+06  ,5.158E+06 ,5.436E+04
memcpy_dev_v32_movsb_avx2_v20,rand SPEC2017   ,32      ,0      ,-1     ,65536    ,10000  ,65536       ,8.055E+06 ,8.048E+06 ,8.055E+06 ,8.00E+06  ,9.889E+06 ,4.605E+04
memcpy_dev_v32_movsb_avx2_v20,rand SPEC2017   ,64      ,0      ,-1     ,65536    ,10000  ,65536       ,1.620E+07 ,1.620E+07 ,1.620E+07 ,1.57E+07  ,1.855E+07 ,6.216E+04
memcpy_dev_v32_movsb_avx2_v20,rand SPEC2017   ,128     ,0      ,-1     ,65536    ,10000  ,65536       ,3.627E+07 ,3.620E+07 ,3.626E+07 ,3.61E+07  ,6.352E+07 ,4.087E+05
memcpy_dev_v32_movsb_avx2_v20,rand SPEC2017   ,256     ,0      ,-1     ,65536    ,10000  ,65536       ,7.558E+07 ,7.527E+07 ,7.558E+07 ,7.51E+07  ,1.056E+08 ,7.661E+05
memcpy_dev_v32_movsb_avx2_v21,rand SPEC2017   ,1       ,16     ,256    ,32768    ,20000  ,32768       ,4.081E+05 ,4.073E+05 ,4.080E+05 ,3.81E+05  ,4.828E+05 ,7.189E+03
memcpy_dev_v32_movsb_avx2_v21,rand SPEC2017   ,1       ,32     ,256    ,16384    ,40000  ,16384       ,1.569E+05 ,1.577E+05 ,1.569E+05 ,1.48E+05  ,1.959E+05 ,3.314E+03
memcpy_dev_v32_movsb_avx2_v21,rand SPEC2017   ,1       ,33     ,256    ,8192     ,80000  ,8192        ,8.950E+04 ,8.951E+04 ,8.949E+04 ,8.37E+04  ,1.496E+05 ,1.120E+03
memcpy_dev_v32_movsb_avx2_v21,rand SPEC2017   ,1       ,16     ,257    ,32768    ,20000  ,32768       ,3.956E+05 ,3.937E+05 ,3.955E+05 ,3.80E+05  ,4.525E+05 ,5.537E+03
memcpy_dev_v32_movsb_avx2_v21,rand SPEC2017   ,1       ,32     ,257    ,16384    ,40000  ,16384       ,1.542E+05 ,1.539E+05 ,1.542E+05 ,1.52E+05  ,2.027E+05 ,1.593E+03
memcpy_dev_v32_movsb_avx2_v21,rand SPEC2017   ,1       ,33     ,257    ,8192     ,80000  ,8192        ,8.928E+04 ,8.940E+04 ,8.927E+04 ,8.37E+04  ,1.287E+05 ,1.182E+03
memcpy_dev_v32_movsb_avx2_v21,rand SPEC2017   ,1       ,0      ,31     ,16384    ,40000  ,16384       ,2.101E+05 ,2.110E+05 ,2.101E+05 ,1.98E+05  ,2.538E+05 ,3.750E+03
memcpy_dev_v32_movsb_avx2_v21,rand SPEC2017   ,1       ,0      ,32     ,32768    ,20000  ,32768       ,5.086E+05 ,5.093E+05 ,5.086E+05 ,4.81E+05  ,5.571E+05 ,5.139E+03
memcpy_dev_v32_movsb_avx2_v21,rand SPEC2017   ,1       ,0      ,64     ,32768    ,20000  ,32768       ,5.056E+05 ,5.060E+05 ,5.056E+05 ,4.77E+05  ,6.663E+05 ,5.011E+03
memcpy_dev_v32_movsb_avx2_v21,rand SPEC2017   ,1       ,0      ,65     ,32768    ,20000  ,32768       ,5.073E+05 ,5.072E+05 ,5.073E+05 ,4.79E+05  ,5.561E+05 ,3.418E+03
memcpy_dev_v32_movsb_avx2_v21,rand SPEC2017   ,1       ,0      ,128    ,32768    ,20000  ,32768       ,5.140E+05 ,5.170E+05 ,5.140E+05 ,4.88E+05  ,5.584E+05 ,7.316E+03
memcpy_dev_v32_movsb_avx2_v21,rand SPEC2017   ,1       ,0      ,256    ,32768    ,20000  ,32768       ,5.502E+05 ,5.513E+05 ,5.502E+05 ,5.18E+05  ,5.980E+05 ,6.925E+03
memcpy_dev_v32_movsb_avx2_v21,rand SPEC2017   ,1       ,32     ,-1     ,32768    ,20000  ,32768       ,5.759E+05 ,5.748E+05 ,5.758E+05 ,5.66E+05  ,6.302E+05 ,5.157E+03
memcpy_dev_v32_movsb_avx2_v21,rand SPEC2017   ,1       ,33     ,-1     ,8192     ,80000  ,8192        ,1.963E+05 ,1.956E+05 ,1.963E+05 ,1.89E+05  ,2.361E+05 ,2.522E+03
memcpy_dev_v32_movsb_avx2_v21,rand SPEC2017   ,1       ,64     ,-1     ,8192     ,80000  ,8192        ,1.977E+05 ,1.970E+05 ,1.977E+05 ,1.90E+05  ,3.072E+05 ,2.928E+03
memcpy_dev_v32_movsb_avx2_v21,rand SPEC2017   ,1       ,65     ,-1     ,8192     ,80000  ,8192        ,1.991E+05 ,1.990E+05 ,1.991E+05 ,1.94E+05  ,2.460E+05 ,1.255E+03
memcpy_dev_v32_movsb_avx2_v21,rand SPEC2017   ,1       ,129    ,-1     ,8192     ,80000  ,8192        ,2.051E+05 ,2.050E+05 ,2.051E+05 ,1.98E+05  ,3.073E+05 ,1.418E+03
memcpy_dev_v32_movsb_avx2_v21,rand SPEC2017   ,1       ,257    ,-1     ,4096     ,160000 ,4096        ,1.239E+05 ,1.238E+05 ,1.239E+05 ,1.19E+05  ,1.688E+05 ,9.770E+02
memcpy_dev_v32_movsb_avx2_v21,rand SPEC2017   ,1       ,0      ,-1     ,65536    ,10000  ,65536       ,1.367E+06 ,1.358E+06 ,1.367E+06 ,1.31E+06  ,1.578E+06 ,1.866E+04
memcpy_dev_v32_movsb_avx2_v21,rand SPEC2017   ,2       ,0      ,-1     ,65536    ,10000  ,65536       ,1.245E+06 ,1.241E+06 ,1.244E+06 ,1.19E+06  ,1.816E+06 ,2.077E+04
memcpy_dev_v32_movsb_avx2_v21,rand SPEC2017   ,4       ,0      ,-1     ,65536    ,10000  ,65536       ,1.625E+06 ,1.639E+06 ,1.625E+06 ,1.55E+06  ,1.728E+06 ,2.481E+04
memcpy_dev_v32_movsb_avx2_v21,rand SPEC2017   ,8       ,0      ,-1     ,65536    ,10000  ,65536       ,2.250E+06 ,2.255E+06 ,2.250E+06 ,2.13E+06  ,2.378E+06 ,2.154E+04
memcpy_dev_v32_movsb_avx2_v21,rand SPEC2017   ,16      ,0      ,-1     ,65536    ,10000  ,65536       ,4.096E+06 ,4.084E+06 ,4.096E+06 ,4.00E+06  ,4.519E+06 ,3.806E+04
memcpy_dev_v32_movsb_avx2_v21,rand SPEC2017   ,32      ,0      ,-1     ,65536    ,10000  ,65536       ,7.924E+06 ,7.957E+06 ,7.923E+06 ,7.56E+06  ,3.179E+07 ,2.549E+05
memcpy_dev_v32_movsb_avx2_v21,rand SPEC2017   ,64      ,0      ,-1     ,65536    ,10000  ,65536       ,1.555E+07 ,1.562E+07 ,1.555E+07 ,1.52E+07  ,4.341E+07 ,3.445E+05
memcpy_dev_v32_movsb_avx2_v21,rand SPEC2017   ,128     ,0      ,-1     ,65536    ,10000  ,65536       ,3.330E+07 ,3.310E+07 ,3.329E+07 ,3.28E+07  ,6.015E+07 ,4.961E+05
memcpy_dev_v32_movsb_avx2_v21,rand SPEC2017   ,256     ,0      ,-1     ,65536    ,10000  ,65536       ,7.696E+07 ,7.710E+07 ,7.695E+07 ,7.54E+07  ,1.062E+08 ,1.429E+06
memcpy_dev_v32_movsb_avx2_v22,rand SPEC2017   ,1       ,16     ,256    ,32768    ,20000  ,32768       ,4.100E+05 ,4.084E+05 ,4.099E+05 ,3.96E+05  ,4.596E+05 ,3.704E+03
memcpy_dev_v32_movsb_avx2_v22,rand SPEC2017   ,1       ,32     ,256    ,16384    ,40000  ,16384       ,1.559E+05 ,1.557E+05 ,1.551E+05 ,1.40E+05  ,1.325E+07 ,8.300E+04
memcpy_dev_v32_movsb_avx2_v22,rand SPEC2017   ,1       ,33     ,256    ,8192     ,80000  ,8192        ,8.423E+04 ,8.420E+04 ,8.423E+04 ,7.91E+04  ,1.324E+05 ,7.286E+02
memcpy_dev_v32_movsb_avx2_v22,rand SPEC2017   ,1       ,16     ,257    ,32768    ,20000  ,32768       ,4.006E+05 ,3.976E+05 ,4.005E+05 ,3.84E+05  ,5.814E+05 ,6.711E+03
memcpy_dev_v32_movsb_avx2_v22,rand SPEC2017   ,1       ,32     ,257    ,16384    ,40000  ,16384       ,1.525E+05 ,1.516E+05 ,1.525E+05 ,1.46E+05  ,2.003E+05 ,2.503E+03
memcpy_dev_v32_movsb_avx2_v22,rand SPEC2017   ,1       ,33     ,257    ,8192     ,80000  ,8192        ,8.402E+04 ,8.404E+04 ,8.402E+04 ,7.85E+04  ,1.192E+05 ,8.804E+02
memcpy_dev_v32_movsb_avx2_v22,rand SPEC2017   ,1       ,0      ,31     ,16384    ,40000  ,16384       ,2.250E+05 ,2.260E+05 ,2.249E+05 ,2.14E+05  ,2.719E+05 ,4.391E+03
memcpy_dev_v32_movsb_avx2_v22,rand SPEC2017   ,1       ,0      ,32     ,32768    ,20000  ,32768       ,5.186E+05 ,5.199E+05 ,5.186E+05 ,4.90E+05  ,5.615E+05 ,5.405E+03
memcpy_dev_v32_movsb_avx2_v22,rand SPEC2017   ,1       ,0      ,64     ,32768    ,20000  ,32768       ,5.167E+05 ,5.190E+05 ,5.167E+05 ,4.90E+05  ,5.602E+05 ,6.707E+03
memcpy_dev_v32_movsb_avx2_v22,rand SPEC2017   ,1       ,0      ,65     ,32768    ,20000  ,32768       ,5.154E+05 ,5.174E+05 ,5.154E+05 ,4.88E+05  ,6.389E+05 ,6.370E+03
memcpy_dev_v32_movsb_avx2_v22,rand SPEC2017   ,1       ,0      ,128    ,32768    ,20000  ,32768       ,5.285E+05 ,5.304E+05 ,5.284E+05 ,5.01E+05  ,7.525E+05 ,8.565E+03
memcpy_dev_v32_movsb_avx2_v22,rand SPEC2017   ,1       ,0      ,256    ,32768    ,20000  ,32768       ,5.639E+05 ,5.667E+05 ,5.638E+05 ,5.33E+05  ,7.812E+05 ,9.919E+03
memcpy_dev_v32_movsb_avx2_v22,rand SPEC2017   ,1       ,32     ,-1     ,32768    ,20000  ,32768       ,6.166E+05 ,6.157E+05 ,6.166E+05 ,6.10E+05  ,8.148E+05 ,4.261E+03
memcpy_dev_v32_movsb_avx2_v22,rand SPEC2017   ,1       ,33     ,-1     ,8192     ,80000  ,8192        ,2.164E+05 ,2.155E+05 ,2.163E+05 ,2.08E+05  ,3.353E+05 ,3.781E+03
memcpy_dev_v32_movsb_avx2_v22,rand SPEC2017   ,1       ,64     ,-1     ,8192     ,80000  ,8192        ,2.163E+05 ,2.158E+05 ,2.163E+05 ,2.08E+05  ,3.567E+05 ,2.927E+03
memcpy_dev_v32_movsb_avx2_v22,rand SPEC2017   ,1       ,65     ,-1     ,8192     ,80000  ,8192        ,2.173E+05 ,2.167E+05 ,2.169E+05 ,2.02E+05  ,1.790E+07 ,7.179E+04
memcpy_dev_v32_movsb_avx2_v22,rand SPEC2017   ,1       ,129    ,-1     ,8192     ,80000  ,8192        ,2.267E+05 ,2.261E+05 ,2.267E+05 ,2.17E+05  ,3.415E+05 ,2.711E+03
memcpy_dev_v32_movsb_avx2_v22,rand SPEC2017   ,1       ,257    ,-1     ,4096     ,160000 ,4096        ,1.383E+05 ,1.371E+05 ,1.383E+05 ,1.29E+05  ,2.310E+05 ,2.759E+03
memcpy_dev_v32_movsb_avx2_v22,rand SPEC2017   ,1       ,0      ,-1     ,65536    ,10000  ,65536       ,1.435E+06 ,1.446E+06 ,1.435E+06 ,1.37E+06  ,1.957E+06 ,2.412E+04
memcpy_dev_v32_movsb_avx2_v22,rand SPEC2017   ,2       ,0      ,-1     ,65536    ,10000  ,65536       ,1.360E+06 ,1.352E+06 ,1.360E+06 ,1.31E+06  ,2.005E+06 ,2.263E+04
memcpy_dev_v32_movsb_avx2_v22,rand SPEC2017   ,4       ,0      ,-1     ,65536    ,10000  ,65536       ,1.752E+06 ,1.764E+06 ,1.752E+06 ,1.66E+06  ,2.521E+06 ,2.964E+04
memcpy_dev_v32_movsb_avx2_v22,rand SPEC2017   ,8       ,0      ,-1     ,65536    ,10000  ,65536       ,2.401E+06 ,2.411E+06 ,2.400E+06 ,2.28E+06  ,2.521E+06 ,2.721E+04
memcpy_dev_v32_movsb_avx2_v22,rand SPEC2017   ,16      ,0      ,-1     ,65536    ,10000  ,65536       ,4.379E+06 ,4.424E+06 ,4.379E+06 ,4.21E+06  ,6.455E+06 ,7.146E+04
memcpy_dev_v32_movsb_avx2_v22,rand SPEC2017   ,32      ,0      ,-1     ,65536    ,10000  ,65536       ,8.245E+06 ,8.201E+06 ,8.244E+06 ,8.13E+06  ,9.097E+06 ,9.158E+04
memcpy_dev_v32_movsb_avx2_v22,rand SPEC2017   ,64      ,0      ,-1     ,65536    ,10000  ,65536       ,1.605E+07 ,1.599E+07 ,1.605E+07 ,1.59E+07  ,4.388E+07 ,3.268E+05
memcpy_dev_v32_movsb_avx2_v22,rand SPEC2017   ,128     ,0      ,-1     ,65536    ,10000  ,65536       ,3.440E+07 ,3.433E+07 ,3.440E+07 ,3.41E+07  ,6.526E+07 ,5.039E+05
memcpy_dev_v32_movsb_avx2_v22,rand SPEC2017   ,256     ,0      ,-1     ,65536    ,10000  ,65536       ,7.632E+07 ,7.604E+07 ,7.631E+07 ,7.59E+07  ,1.077E+08 ,8.608E+05
memcpy_glibc_v32_movsb_avx2,rand SPEC2017   ,1       ,16     ,256    ,32768    ,20000  ,32768       ,4.340E+05 ,4.336E+05 ,4.339E+05 ,4.09E+05  ,6.042E+05 ,5.203E+03
memcpy_glibc_v32_movsb_avx2,rand SPEC2017   ,1       ,32     ,256    ,16384    ,40000  ,16384       ,1.692E+05 ,1.685E+05 ,1.691E+05 ,1.63E+05  ,3.062E+05 ,4.448E+03
memcpy_glibc_v32_movsb_avx2,rand SPEC2017   ,1       ,33     ,256    ,8192     ,80000  ,8192        ,9.466E+04 ,9.462E+04 ,9.466E+04 ,9.13E+04  ,1.731E+05 ,1.101E+03
memcpy_glibc_v32_movsb_avx2,rand SPEC2017   ,1       ,16     ,257    ,32768    ,20000  ,32768       ,4.231E+05 ,4.220E+05 ,4.231E+05 ,4.09E+05  ,4.774E+05 ,3.388E+03
memcpy_glibc_v32_movsb_avx2,rand SPEC2017   ,1       ,32     ,257    ,16384    ,40000  ,16384       ,1.675E+05 ,1.673E+05 ,1.675E+05 ,1.58E+05  ,2.406E+05 ,1.725E+03
memcpy_glibc_v32_movsb_avx2,rand SPEC2017   ,1       ,33     ,257    ,8192     ,80000  ,8192        ,9.464E+04 ,9.471E+04 ,9.460E+04 ,8.91E+04  ,1.833E+05 ,3.002E+03
memcpy_glibc_v32_movsb_avx2,rand SPEC2017   ,1       ,0      ,31     ,16384    ,40000  ,16384       ,2.237E+05 ,2.233E+05 ,2.237E+05 ,2.15E+05  ,2.624E+05 ,2.228E+03
memcpy_glibc_v32_movsb_avx2,rand SPEC2017   ,1       ,0      ,32     ,32768    ,20000  ,32768       ,5.235E+05 ,5.238E+05 ,5.234E+05 ,4.96E+05  ,7.200E+05 ,6.938E+03
memcpy_glibc_v32_movsb_avx2,rand SPEC2017   ,1       ,0      ,64     ,32768    ,20000  ,32768       ,5.205E+05 ,5.222E+05 ,5.204E+05 ,4.93E+05  ,7.238E+05 ,8.504E+03
memcpy_glibc_v32_movsb_avx2,rand SPEC2017   ,1       ,0      ,65     ,32768    ,20000  ,32768       ,5.173E+05 ,5.211E+05 ,5.172E+05 ,4.91E+05  ,6.617E+05 ,8.252E+03
memcpy_glibc_v32_movsb_avx2,rand SPEC2017   ,1       ,0      ,128    ,32768    ,20000  ,32768       ,5.295E+05 ,5.339E+05 ,5.294E+05 ,5.05E+05  ,6.615E+05 ,8.315E+03
memcpy_glibc_v32_movsb_avx2,rand SPEC2017   ,1       ,0      ,256    ,32768    ,20000  ,32768       ,5.836E+05 ,5.856E+05 ,5.835E+05 ,5.50E+05  ,7.511E+05 ,7.272E+03
memcpy_glibc_v32_movsb_avx2,rand SPEC2017   ,1       ,32     ,-1     ,32768    ,20000  ,32768       ,6.430E+05 ,6.428E+05 ,6.430E+05 ,6.05E+05  ,7.129E+05 ,4.504E+03
memcpy_glibc_v32_movsb_avx2,rand SPEC2017   ,1       ,33     ,-1     ,8192     ,80000  ,8192        ,2.130E+05 ,2.131E+05 ,2.130E+05 ,2.02E+05  ,2.898E+05 ,3.959E+03
memcpy_glibc_v32_movsb_avx2,rand SPEC2017   ,1       ,64     ,-1     ,8192     ,80000  ,8192        ,2.135E+05 ,2.114E+05 ,2.135E+05 ,2.04E+05  ,2.912E+05 ,3.904E+03
memcpy_glibc_v32_movsb_avx2,rand SPEC2017   ,1       ,65     ,-1     ,8192     ,80000  ,8192        ,2.141E+05 ,2.130E+05 ,2.141E+05 ,2.05E+05  ,2.939E+05 ,3.295E+03
memcpy_glibc_v32_movsb_avx2,rand SPEC2017   ,1       ,129    ,-1     ,8192     ,80000  ,8192        ,2.217E+05 ,2.196E+05 ,2.217E+05 ,2.11E+05  ,3.397E+05 ,4.198E+03
memcpy_glibc_v32_movsb_avx2,rand SPEC2017   ,1       ,257    ,-1     ,4096     ,160000 ,4096        ,1.384E+05 ,1.395E+05 ,1.384E+05 ,1.31E+05  ,2.165E+05 ,2.882E+03
memcpy_glibc_v32_movsb_avx2,rand SPEC2017   ,1       ,0      ,-1     ,65536    ,10000  ,65536       ,1.457E+06 ,1.445E+06 ,1.457E+06 ,1.39E+06  ,1.555E+06 ,2.102E+04
memcpy_glibc_v32_movsb_avx2,rand SPEC2017   ,2       ,0      ,-1     ,65536    ,10000  ,65536       ,1.343E+06 ,1.353E+06 ,1.343E+06 ,1.28E+06  ,1.439E+06 ,2.016E+04
memcpy_glibc_v32_movsb_avx2,rand SPEC2017   ,4       ,0      ,-1     ,65536    ,10000  ,65536       ,1.740E+06 ,1.748E+06 ,1.739E+06 ,1.65E+06  ,2.193E+06 ,2.277E+04
memcpy_glibc_v32_movsb_avx2,rand SPEC2017   ,8       ,0      ,-1     ,65536    ,10000  ,65536       ,2.443E+06 ,2.449E+06 ,2.443E+06 ,2.31E+06  ,2.563E+06 ,2.337E+04
memcpy_glibc_v32_movsb_avx2,rand SPEC2017   ,16      ,0      ,-1     ,65536    ,10000  ,65536       ,4.434E+06 ,4.402E+06 ,4.433E+06 ,4.32E+06  ,5.064E+06 ,5.632E+04
memcpy_glibc_v32_movsb_avx2,rand SPEC2017   ,32      ,0      ,-1     ,65536    ,10000  ,65536       ,8.403E+06 ,8.414E+06 ,8.403E+06 ,8.14E+06  ,9.207E+06 ,5.410E+04
memcpy_glibc_v32_movsb_avx2,rand SPEC2017   ,64      ,0      ,-1     ,65536    ,10000  ,65536       ,1.756E+07 ,1.768E+07 ,1.756E+07 ,1.71E+07  ,4.413E+07 ,3.395E+05
memcpy_glibc_v32_movsb_avx2,rand SPEC2017   ,128     ,0      ,-1     ,65536    ,10000  ,65536       ,3.520E+07 ,3.542E+07 ,3.520E+07 ,3.45E+07  ,6.264E+07 ,5.806E+05
memcpy_glibc_v32_movsb_avx2,rand SPEC2017   ,256     ,0      ,-1     ,65536    ,10000  ,65536       ,7.909E+07 ,7.945E+07 ,7.909E+07 ,7.75E+07  ,1.076E+08 ,9.132E+05
memcpy_dev_v32_movsb_avx2_v19,rand SPEC2017   ,1       ,16     ,256    ,32768    ,20000  ,32768       ,4.071E+05 ,4.066E+05 ,4.070E+05 ,3.87E+05  ,4.589E+05 ,5.182E+03
memcpy_dev_v32_movsb_avx2_v19,rand SPEC2017   ,1       ,32     ,256    ,16384    ,40000  ,16384       ,1.562E+05 ,1.546E+05 ,1.561E+05 ,1.49E+05  ,2.162E+05 ,3.333E+03
memcpy_dev_v32_movsb_avx2_v19,rand SPEC2017   ,1       ,33     ,256    ,8192     ,80000  ,8192        ,8.951E+04 ,8.947E+04 ,8.951E+04 ,8.85E+04  ,1.346E+05 ,6.089E+02
memcpy_dev_v32_movsb_avx2_v19,rand SPEC2017   ,1       ,16     ,257    ,32768    ,20000  ,32768       ,3.934E+05 ,3.913E+05 ,3.934E+05 ,3.79E+05  ,4.502E+05 ,4.908E+03
memcpy_dev_v32_movsb_avx2_v19,rand SPEC2017   ,1       ,32     ,257    ,16384    ,40000  ,16384       ,1.542E+05 ,1.538E+05 ,1.542E+05 ,1.49E+05  ,2.541E+05 ,2.520E+03
memcpy_dev_v32_movsb_avx2_v19,rand SPEC2017   ,1       ,33     ,257    ,8192     ,80000  ,8192        ,8.814E+04 ,8.890E+04 ,8.811E+04 ,8.34E+04  ,1.409E+05 ,2.102E+03
memcpy_dev_v32_movsb_avx2_v19,rand SPEC2017   ,1       ,0      ,31     ,16384    ,40000  ,16384       ,2.094E+05 ,2.104E+05 ,2.094E+05 ,1.99E+05  ,2.543E+05 ,3.798E+03
memcpy_dev_v32_movsb_avx2_v19,rand SPEC2017   ,1       ,0      ,32     ,32768    ,20000  ,32768       ,5.088E+05 ,5.093E+05 ,5.088E+05 ,4.80E+05  ,5.555E+05 ,4.807E+03
memcpy_dev_v32_movsb_avx2_v19,rand SPEC2017   ,1       ,0      ,64     ,32768    ,20000  ,32768       ,5.059E+05 ,5.070E+05 ,5.059E+05 ,4.78E+05  ,6.862E+05 ,5.904E+03
memcpy_dev_v32_movsb_avx2_v19,rand SPEC2017   ,1       ,0      ,65     ,32768    ,20000  ,32768       ,5.071E+05 ,5.078E+05 ,5.070E+05 ,4.80E+05  ,5.543E+05 ,5.292E+03
memcpy_dev_v32_movsb_avx2_v19,rand SPEC2017   ,1       ,0      ,128    ,32768    ,20000  ,32768       ,5.143E+05 ,5.167E+05 ,5.142E+05 ,4.87E+05  ,5.574E+05 ,6.889E+03
memcpy_dev_v32_movsb_avx2_v19,rand SPEC2017   ,1       ,0      ,256    ,32768    ,20000  ,32768       ,5.492E+05 ,5.513E+05 ,5.491E+05 ,5.17E+05  ,5.963E+05 ,7.568E+03
memcpy_dev_v32_movsb_avx2_v19,rand SPEC2017   ,1       ,32     ,-1     ,32768    ,20000  ,32768       ,5.805E+05 ,5.797E+05 ,5.805E+05 ,5.61E+05  ,6.354E+05 ,4.179E+03
memcpy_dev_v32_movsb_avx2_v19,rand SPEC2017   ,1       ,33     ,-1     ,8192     ,80000  ,8192        ,1.985E+05 ,1.973E+05 ,1.985E+05 ,1.90E+05  ,2.366E+05 ,3.130E+03
memcpy_dev_v32_movsb_avx2_v19,rand SPEC2017   ,1       ,64     ,-1     ,8192     ,80000  ,8192        ,1.979E+05 ,1.966E+05 ,1.978E+05 ,1.89E+05  ,3.063E+05 ,3.317E+03
memcpy_dev_v32_movsb_avx2_v19,rand SPEC2017   ,1       ,65     ,-1     ,8192     ,80000  ,8192        ,1.995E+05 ,1.990E+05 ,1.995E+05 ,1.92E+05  ,3.313E+05 ,2.465E+03
memcpy_dev_v32_movsb_avx2_v19,rand SPEC2017   ,1       ,129    ,-1     ,8192     ,80000  ,8192        ,2.055E+05 ,2.053E+05 ,2.055E+05 ,1.98E+05  ,3.067E+05 ,1.729E+03
memcpy_dev_v32_movsb_avx2_v19,rand SPEC2017   ,1       ,257    ,-1     ,4096     ,160000 ,4096        ,1.234E+05 ,1.231E+05 ,1.234E+05 ,1.18E+05  ,1.876E+05 ,1.653E+03
memcpy_dev_v32_movsb_avx2_v19,rand SPEC2017   ,1       ,0      ,-1     ,65536    ,10000  ,65536       ,1.371E+06 ,1.362E+06 ,1.371E+06 ,1.32E+06  ,1.467E+06 ,1.893E+04
memcpy_dev_v32_movsb_avx2_v19,rand SPEC2017   ,2       ,0      ,-1     ,65536    ,10000  ,65536       ,1.256E+06 ,1.249E+06 ,1.254E+06 ,1.17E+06  ,1.733E+07 ,1.989E+05
memcpy_dev_v32_movsb_avx2_v19,rand SPEC2017   ,4       ,0      ,-1     ,65536    ,10000  ,65536       ,1.632E+06 ,1.639E+06 ,1.632E+06 ,1.54E+06  ,2.303E+06 ,2.155E+04
memcpy_dev_v32_movsb_avx2_v19,rand SPEC2017   ,8       ,0      ,-1     ,65536    ,10000  ,65536       ,2.256E+06 ,2.264E+06 ,2.256E+06 ,2.14E+06  ,2.427E+06 ,2.420E+04
memcpy_dev_v32_movsb_avx2_v19,rand SPEC2017   ,16      ,0      ,-1     ,65536    ,10000  ,65536       ,4.093E+06 ,4.078E+06 ,4.092E+06 ,4.00E+06  ,4.412E+06 ,4.066E+04
memcpy_dev_v32_movsb_avx2_v19,rand SPEC2017   ,32      ,0      ,-1     ,65536    ,10000  ,65536       ,7.730E+06 ,7.736E+06 ,7.730E+06 ,7.49E+06  ,8.508E+06 ,4.144E+04
memcpy_dev_v32_movsb_avx2_v19,rand SPEC2017   ,64      ,0      ,-1     ,65536    ,10000  ,65536       ,1.599E+07 ,1.613E+07 ,1.599E+07 ,1.56E+07  ,1.780E+07 ,2.044E+05
memcpy_dev_v32_movsb_avx2_v19,rand SPEC2017   ,128     ,0      ,-1     ,65536    ,10000  ,65536       ,3.388E+07 ,3.400E+07 ,3.388E+07 ,3.33E+07  ,6.299E+07 ,5.133E+05
memcpy_dev_v32_movsb_avx2_v19,rand SPEC2017   ,256     ,0      ,-1     ,65536    ,10000  ,65536       ,7.618E+07 ,7.662E+07 ,7.617E+07 ,7.45E+07  ,1.045E+08 ,8.830E+05
memcpy_dev_v32_movsb_avx2_v20,rand SPEC2017   ,1       ,16     ,256    ,32768    ,20000  ,32768       ,4.085E+05 ,4.074E+05 ,4.084E+05 ,3.97E+05  ,6.425E+05 ,4.612E+03
memcpy_dev_v32_movsb_avx2_v20,rand SPEC2017   ,1       ,32     ,256    ,16384    ,40000  ,16384       ,1.546E+05 ,1.550E+05 ,1.546E+05 ,1.45E+05  ,2.094E+05 ,2.863E+03
memcpy_dev_v32_movsb_avx2_v20,rand SPEC2017   ,1       ,33     ,256    ,8192     ,80000  ,8192        ,8.495E+04 ,8.472E+04 ,8.495E+04 ,8.16E+04  ,1.211E+05 ,1.203E+03
memcpy_dev_v32_movsb_avx2_v20,rand SPEC2017   ,1       ,16     ,257    ,32768    ,20000  ,32768       ,3.981E+05 ,3.958E+05 ,3.980E+05 ,3.84E+05  ,4.498E+05 ,5.207E+03
memcpy_dev_v32_movsb_avx2_v20,rand SPEC2017   ,1       ,32     ,257    ,16384    ,40000  ,16384       ,1.539E+05 ,1.531E+05 ,1.539E+05 ,1.47E+05  ,2.363E+05 ,2.741E+03
memcpy_dev_v32_movsb_avx2_v20,rand SPEC2017   ,1       ,33     ,257    ,8192     ,80000  ,8192        ,8.374E+04 ,8.373E+04 ,8.374E+04 ,7.86E+04  ,1.204E+05 ,6.581E+02
memcpy_dev_v32_movsb_avx2_v20,rand SPEC2017   ,1       ,0      ,31     ,16384    ,40000  ,16384       ,2.240E+05 ,2.254E+05 ,2.240E+05 ,2.13E+05  ,2.961E+05 ,3.684E+03
memcpy_dev_v32_movsb_avx2_v20,rand SPEC2017   ,1       ,0      ,32     ,32768    ,20000  ,32768       ,5.229E+05 ,5.226E+05 ,5.217E+05 ,4.93E+05  ,2.417E+07 ,1.694E+05
memcpy_dev_v32_movsb_avx2_v20,rand SPEC2017   ,1       ,0      ,64     ,32768    ,20000  ,32768       ,5.193E+05 ,5.211E+05 ,5.193E+05 ,4.91E+05  ,5.713E+05 ,6.179E+03
memcpy_dev_v32_movsb_avx2_v20,rand SPEC2017   ,1       ,0      ,65     ,32768    ,20000  ,32768       ,5.180E+05 ,5.201E+05 ,5.179E+05 ,4.89E+05  ,6.394E+05 ,6.792E+03
memcpy_dev_v32_movsb_avx2_v20,rand SPEC2017   ,1       ,0      ,128    ,32768    ,20000  ,32768       ,5.313E+05 ,5.325E+05 ,5.313E+05 ,5.02E+05  ,5.727E+05 ,5.704E+03
memcpy_dev_v32_movsb_avx2_v20,rand SPEC2017   ,1       ,0      ,256    ,32768    ,20000  ,32768       ,5.663E+05 ,5.665E+05 ,5.663E+05 ,5.33E+05  ,6.062E+05 ,3.964E+03
memcpy_dev_v32_movsb_avx2_v20,rand SPEC2017   ,1       ,32     ,-1     ,32768    ,20000  ,32768       ,6.178E+05 ,6.165E+05 ,6.178E+05 ,6.08E+05  ,9.462E+05 ,8.829E+03
memcpy_dev_v32_movsb_avx2_v20,rand SPEC2017   ,1       ,33     ,-1     ,8192     ,80000  ,8192        ,2.164E+05 ,2.156E+05 ,2.163E+05 ,2.08E+05  ,3.490E+05 ,3.295E+03
memcpy_dev_v32_movsb_avx2_v20,rand SPEC2017   ,1       ,64     ,-1     ,8192     ,80000  ,8192        ,2.160E+05 ,2.153E+05 ,2.160E+05 ,2.07E+05  ,3.326E+05 ,2.863E+03
memcpy_dev_v32_movsb_avx2_v20,rand SPEC2017   ,1       ,65     ,-1     ,8192     ,80000  ,8192        ,2.180E+05 ,2.176E+05 ,2.180E+05 ,2.10E+05  ,3.356E+05 ,2.443E+03
memcpy_dev_v32_movsb_avx2_v20,rand SPEC2017   ,1       ,129    ,-1     ,8192     ,80000  ,8192        ,2.271E+05 ,2.266E+05 ,2.271E+05 ,2.18E+05  ,3.397E+05 ,2.658E+03
memcpy_dev_v32_movsb_avx2_v20,rand SPEC2017   ,1       ,257    ,-1     ,4096     ,160000 ,4096        ,1.385E+05 ,1.396E+05 ,1.385E+05 ,1.31E+05  ,2.178E+05 ,2.657E+03
memcpy_dev_v32_movsb_avx2_v20,rand SPEC2017   ,1       ,0      ,-1     ,65536    ,10000  ,65536       ,1.436E+06 ,1.444E+06 ,1.434E+06 ,1.34E+06  ,2.953E+07 ,2.820E+05
memcpy_dev_v32_movsb_avx2_v20,rand SPEC2017   ,2       ,0      ,-1     ,65536    ,10000  ,65536       ,1.366E+06 ,1.361E+06 ,1.366E+06 ,1.30E+06  ,1.465E+06 ,2.197E+04
memcpy_dev_v32_movsb_avx2_v20,rand SPEC2017   ,4       ,0      ,-1     ,65536    ,10000  ,65536       ,1.753E+06 ,1.762E+06 ,1.753E+06 ,1.66E+06  ,1.852E+06 ,2.191E+04
memcpy_dev_v32_movsb_avx2_v20,rand SPEC2017   ,8       ,0      ,-1     ,65536    ,10000  ,65536       ,2.403E+06 ,2.409E+06 ,2.402E+06 ,2.28E+06  ,2.586E+06 ,2.276E+04
memcpy_dev_v32_movsb_avx2_v20,rand SPEC2017   ,16      ,0      ,-1     ,65536    ,10000  ,65536       ,4.364E+06 ,4.408E+06 ,4.364E+06 ,4.21E+06  ,4.919E+06 ,6.191E+04
memcpy_dev_v32_movsb_avx2_v20,rand SPEC2017   ,32      ,0      ,-1     ,65536    ,10000  ,65536       ,8.303E+06 ,8.224E+06 ,8.301E+06 ,8.01E+06  ,3.552E+07 ,2.953E+05
memcpy_dev_v32_movsb_avx2_v20,rand SPEC2017   ,64      ,0      ,-1     ,65536    ,10000  ,65536       ,1.627E+07 ,1.618E+07 ,1.626E+07 ,1.60E+07  ,1.791E+07 ,1.833E+05
memcpy_dev_v32_movsb_avx2_v20,rand SPEC2017   ,128     ,0      ,-1     ,65536    ,10000  ,65536       ,3.441E+07 ,3.417E+07 ,3.441E+07 ,3.40E+07  ,6.361E+07 ,4.916E+05
memcpy_dev_v32_movsb_avx2_v20,rand SPEC2017   ,256     ,0      ,-1     ,65536    ,10000  ,65536       ,7.679E+07 ,7.643E+07 ,7.678E+07 ,7.60E+07  ,1.074E+08 ,9.166E+05
memcpy_dev_v32_movsb_avx2_v21,rand SPEC2017   ,1       ,16     ,256    ,32768    ,20000  ,32768       ,4.063E+05 ,4.038E+05 ,4.063E+05 ,3.91E+05  ,5.734E+05 ,6.418E+03
memcpy_dev_v32_movsb_avx2_v21,rand SPEC2017   ,1       ,32     ,256    ,16384    ,40000  ,16384       ,1.578E+05 ,1.581E+05 ,1.578E+05 ,1.49E+05  ,2.141E+05 ,2.560E+03
memcpy_dev_v32_movsb_avx2_v21,rand SPEC2017   ,1       ,33     ,256    ,8192     ,80000  ,8192        ,8.939E+04 ,8.935E+04 ,8.938E+04 ,8.83E+04  ,1.468E+05 ,5.690E+02
memcpy_dev_v32_movsb_avx2_v21,rand SPEC2017   ,1       ,16     ,257    ,32768    ,20000  ,32768       ,3.942E+05 ,3.925E+05 ,3.942E+05 ,3.80E+05  ,4.550E+05 ,4.181E+03
memcpy_dev_v32_movsb_avx2_v21,rand SPEC2017   ,1       ,32     ,257    ,16384    ,40000  ,16384       ,1.539E+05 ,1.541E+05 ,1.538E+05 ,1.44E+05  ,2.648E+05 ,4.301E+03
memcpy_dev_v32_movsb_avx2_v21,rand SPEC2017   ,1       ,33     ,257    ,8192     ,80000  ,8192        ,8.725E+04 ,8.639E+04 ,8.723E+04 ,8.28E+04  ,1.277E+05 ,1.926E+03
memcpy_dev_v32_movsb_avx2_v21,rand SPEC2017   ,1       ,0      ,31     ,16384    ,40000  ,16384       ,2.084E+05 ,2.066E+05 ,2.084E+05 ,1.98E+05  ,3.201E+05 ,4.785E+03
memcpy_dev_v32_movsb_avx2_v21,rand SPEC2017   ,1       ,0      ,32     ,32768    ,20000  ,32768       ,5.039E+05 ,5.065E+05 ,5.038E+05 ,4.81E+05  ,5.541E+05 ,7.900E+03
memcpy_dev_v32_movsb_avx2_v21,rand SPEC2017   ,1       ,0      ,64     ,32768    ,20000  ,32768       ,5.000E+05 ,5.008E+05 ,5.000E+05 ,4.78E+05  ,6.878E+05 ,8.589E+03
memcpy_dev_v32_movsb_avx2_v21,rand SPEC2017   ,1       ,0      ,65     ,32768    ,20000  ,32768       ,4.985E+05 ,4.944E+05 ,4.985E+05 ,4.79E+05  ,6.571E+05 ,7.605E+03
memcpy_dev_v32_movsb_avx2_v21,rand SPEC2017   ,1       ,0      ,128    ,32768    ,20000  ,32768       ,5.080E+05 ,5.046E+05 ,5.080E+05 ,4.88E+05  ,5.560E+05 ,6.945E+03
memcpy_dev_v32_movsb_avx2_v21,rand SPEC2017   ,1       ,0      ,256    ,32768    ,20000  ,32768       ,5.413E+05 ,5.390E+05 ,5.412E+05 ,5.17E+05  ,5.990E+05 ,6.687E+03
memcpy_dev_v32_movsb_avx2_v21,rand SPEC2017   ,1       ,32     ,-1     ,32768    ,20000  ,32768       ,5.715E+05 ,5.740E+05 ,5.714E+05 ,5.40E+05  ,6.301E+05 ,9.332E+03
memcpy_dev_v32_movsb_avx2_v21,rand SPEC2017   ,1       ,33     ,-1     ,8192     ,80000  ,8192        ,1.962E+05 ,1.969E+05 ,1.962E+05 ,1.85E+05  ,2.363E+05 ,3.034E+03
memcpy_dev_v32_movsb_avx2_v21,rand SPEC2017   ,1       ,64     ,-1     ,8192     ,80000  ,8192        ,1.952E+05 ,1.958E+05 ,1.952E+05 ,1.84E+05  ,2.545E+05 ,3.233E+03
memcpy_dev_v32_movsb_avx2_v21,rand SPEC2017   ,1       ,65     ,-1     ,8192     ,80000  ,8192        ,1.969E+05 ,1.971E+05 ,1.969E+05 ,1.84E+05  ,2.662E+05 ,2.582E+03
memcpy_dev_v32_movsb_avx2_v21,rand SPEC2017   ,1       ,129    ,-1     ,8192     ,80000  ,8192        ,2.048E+05 ,2.056E+05 ,2.047E+05 ,1.93E+05  ,2.646E+05 ,3.242E+03
memcpy_dev_v32_movsb_avx2_v21,rand SPEC2017   ,1       ,257    ,-1     ,4096     ,160000 ,4096        ,1.223E+05 ,1.231E+05 ,1.223E+05 ,1.16E+05  ,1.895E+05 ,2.503E+03
memcpy_dev_v32_movsb_avx2_v21,rand SPEC2017   ,1       ,0      ,-1     ,65536    ,10000  ,65536       ,1.354E+06 ,1.355E+06 ,1.354E+06 ,1.29E+06  ,1.427E+06 ,7.267E+03
memcpy_dev_v32_movsb_avx2_v21,rand SPEC2017   ,2       ,0      ,-1     ,65536    ,10000  ,65536       ,1.245E+06 ,1.232E+06 ,1.244E+06 ,1.16E+06  ,2.048E+06 ,4.847E+04
memcpy_dev_v32_movsb_avx2_v21,rand SPEC2017   ,4       ,0      ,-1     ,65536    ,10000  ,65536       ,2.020E+06 ,1.691E+06 ,1.931E+06 ,1.39E+06  ,2.927E+07 ,8.674E+05
memcpy_dev_v32_movsb_avx2_v21,rand SPEC2017   ,8       ,0      ,-1     ,65536    ,10000  ,65536       ,2.284E+06 ,2.283E+06 ,2.284E+06 ,2.17E+06  ,3.712E+06 ,2.246E+04
memcpy_dev_v32_movsb_avx2_v21,rand SPEC2017   ,16      ,0      ,-1     ,65536    ,10000  ,65536       ,4.083E+06 ,4.083E+06 ,4.083E+06 ,3.97E+06  ,4.251E+06 ,7.202E+03
memcpy_dev_v32_movsb_avx2_v21,rand SPEC2017   ,32      ,0      ,-1     ,65536    ,10000  ,65536       ,7.548E+06 ,7.497E+06 ,7.547E+06 ,7.40E+06  ,8.142E+06 ,8.956E+04
memcpy_dev_v32_movsb_avx2_v21,rand SPEC2017   ,64      ,0      ,-1     ,65536    ,10000  ,65536       ,1.568E+07 ,1.568E+07 ,1.567E+07 ,1.52E+07  ,3.476E+07 ,2.248E+05
memcpy_dev_v32_movsb_avx2_v21,rand SPEC2017   ,128     ,0      ,-1     ,65536    ,10000  ,65536       ,3.296E+07 ,3.305E+07 ,3.296E+07 ,3.21E+07  ,6.098E+07 ,4.524E+05
memcpy_dev_v32_movsb_avx2_v21,rand SPEC2017   ,256     ,0      ,-1     ,65536    ,10000  ,65536       ,7.322E+07 ,7.346E+07 ,7.322E+07 ,7.14E+07  ,1.020E+08 ,7.107E+05
memcpy_dev_v32_movsb_avx2_v22,rand SPEC2017   ,1       ,16     ,256    ,32768    ,20000  ,32768       ,3.978E+05 ,3.962E+05 ,3.978E+05 ,3.84E+05  ,5.676E+05 ,4.795E+03
memcpy_dev_v32_movsb_avx2_v22,rand SPEC2017   ,1       ,32     ,256    ,16384    ,40000  ,16384       ,1.517E+05 ,1.514E+05 ,1.517E+05 ,1.47E+05  ,2.028E+05 ,1.182E+03
memcpy_dev_v32_movsb_avx2_v22,rand SPEC2017   ,1       ,33     ,256    ,8192     ,80000  ,8192        ,8.245E+04 ,8.168E+04 ,8.243E+04 ,7.85E+04  ,1.193E+05 ,1.888E+03
memcpy_dev_v32_movsb_avx2_v22,rand SPEC2017   ,1       ,16     ,257    ,32768    ,20000  ,32768       ,3.954E+05 ,3.961E+05 ,3.953E+05 ,3.74E+05  ,5.699E+05 ,6.983E+03
memcpy_dev_v32_movsb_avx2_v22,rand SPEC2017   ,1       ,32     ,257    ,16384    ,40000  ,16384       ,1.507E+05 ,1.517E+05 ,1.507E+05 ,1.42E+05  ,1.867E+05 ,3.034E+03
memcpy_dev_v32_movsb_avx2_v22,rand SPEC2017   ,1       ,33     ,257    ,8192     ,80000  ,8192        ,8.225E+04 ,8.220E+04 ,8.225E+04 ,8.12E+04  ,1.366E+05 ,9.538E+02
memcpy_dev_v32_movsb_avx2_v22,rand SPEC2017   ,1       ,0      ,31     ,16384    ,40000  ,16384       ,2.206E+05 ,2.208E+05 ,2.206E+05 ,2.08E+05  ,2.801E+05 ,2.068E+03
memcpy_dev_v32_movsb_avx2_v22,rand SPEC2017   ,1       ,0      ,32     ,32768    ,20000  ,32768       ,5.061E+05 ,5.060E+05 ,5.061E+05 ,5.01E+05  ,5.637E+05 ,1.717E+03
memcpy_dev_v32_movsb_avx2_v22,rand SPEC2017   ,1       ,0      ,64     ,32768    ,20000  ,32768       ,5.052E+05 ,5.049E+05 ,5.052E+05 ,4.90E+05  ,5.461E+05 ,2.308E+03
memcpy_dev_v32_movsb_avx2_v22,rand SPEC2017   ,1       ,0      ,65     ,32768    ,20000  ,32768       ,5.042E+05 ,5.039E+05 ,5.042E+05 ,4.88E+05  ,5.575E+05 ,2.413E+03
memcpy_dev_v32_movsb_avx2_v22,rand SPEC2017   ,1       ,0      ,128    ,32768    ,20000  ,32768       ,5.168E+05 ,5.166E+05 ,5.168E+05 ,5.01E+05  ,5.821E+05 ,2.160E+03
memcpy_dev_v32_movsb_avx2_v22,rand SPEC2017   ,1       ,0      ,256    ,32768    ,20000  ,32768       ,5.519E+05 ,5.516E+05 ,5.519E+05 ,5.46E+05  ,5.938E+05 ,2.393E+03
memcpy_dev_v32_movsb_avx2_v22,rand SPEC2017   ,1       ,32     ,-1     ,32768    ,20000  ,32768       ,6.045E+05 ,6.002E+05 ,6.032E+05 ,5.51E+05  ,2.416E+07 ,1.680E+05
memcpy_dev_v32_movsb_avx2_v22,rand SPEC2017   ,1       ,33     ,-1     ,8192     ,80000  ,8192        ,2.127E+05 ,2.143E+05 ,2.127E+05 ,2.02E+05  ,2.541E+05 ,3.760E+03
memcpy_dev_v32_movsb_avx2_v22,rand SPEC2017   ,1       ,64     ,-1     ,8192     ,80000  ,8192        ,2.132E+05 ,2.113E+05 ,2.132E+05 ,2.03E+05  ,2.854E+05 ,3.848E+03
memcpy_dev_v32_movsb_avx2_v22,rand SPEC2017   ,1       ,65     ,-1     ,8192     ,80000  ,8192        ,2.142E+05 ,2.124E+05 ,2.142E+05 ,2.04E+05  ,3.193E+05 ,3.969E+03
memcpy_dev_v32_movsb_avx2_v22,rand SPEC2017   ,1       ,129    ,-1     ,8192     ,80000  ,8192        ,2.233E+05 ,2.249E+05 ,2.233E+05 ,2.10E+05  ,3.674E+05 ,4.550E+03
memcpy_dev_v32_movsb_avx2_v22,rand SPEC2017   ,1       ,257    ,-1     ,4096     ,160000 ,4096        ,1.360E+05 ,1.365E+05 ,1.360E+05 ,1.26E+05  ,2.582E+05 ,2.737E+03
memcpy_dev_v32_movsb_avx2_v22,rand SPEC2017   ,1       ,0      ,-1     ,65536    ,10000  ,65536       ,1.408E+06 ,1.411E+06 ,1.408E+06 ,1.34E+06  ,1.490E+06 ,1.327E+04
memcpy_dev_v32_movsb_avx2_v22,rand SPEC2017   ,2       ,0      ,-1     ,65536    ,10000  ,65536       ,1.345E+06 ,1.350E+06 ,1.345E+06 ,1.28E+06  ,1.441E+06 ,1.817E+04
memcpy_dev_v32_movsb_avx2_v22,rand SPEC2017   ,4       ,0      ,-1     ,65536    ,10000  ,65536       ,1.718E+06 ,1.717E+06 ,1.718E+06 ,1.71E+06  ,2.734E+06 ,2.984E+04
memcpy_dev_v32_movsb_avx2_v22,rand SPEC2017   ,8       ,0      ,-1     ,65536    ,10000  ,65536       ,2.345E+06 ,2.344E+06 ,2.345E+06 ,2.29E+06  ,2.786E+06 ,1.023E+04
memcpy_dev_v32_movsb_avx2_v22,rand SPEC2017   ,16      ,0      ,-1     ,65536    ,10000  ,65536       ,4.286E+06 ,4.288E+06 ,4.286E+06 ,4.13E+06  ,4.442E+06 ,1.750E+04
memcpy_dev_v32_movsb_avx2_v22,rand SPEC2017   ,32      ,0      ,-1     ,65536    ,10000  ,65536       ,7.861E+06 ,7.933E+06 ,7.860E+06 ,7.65E+06  ,8.786E+06 ,1.032E+05
memcpy_dev_v32_movsb_avx2_v22,rand SPEC2017   ,64      ,0      ,-1     ,65536    ,10000  ,65536       ,1.592E+07 ,1.580E+07 ,1.591E+07 ,1.52E+07  ,4.432E+07 ,3.705E+05
memcpy_dev_v32_movsb_avx2_v22,rand SPEC2017   ,128     ,0      ,-1     ,65536    ,10000  ,65536       ,3.451E+07 ,3.428E+07 ,3.450E+07 ,3.39E+07  ,6.399E+07 ,5.384E+05
memcpy_dev_v32_movsb_avx2_v22,rand SPEC2017   ,256     ,0      ,-1     ,65536    ,10000  ,65536       ,7.563E+07 ,7.529E+07 ,7.562E+07 ,7.48E+07  ,1.046E+08 ,9.036E+05
memcpy_glibc_v32_movsb_avx2,rand SPEC2017   ,1       ,16     ,256    ,32768    ,20000  ,32768       ,4.227E+05 ,4.218E+05 ,4.227E+05 ,4.08E+05  ,5.087E+05 ,3.332E+03
memcpy_glibc_v32_movsb_avx2,rand SPEC2017   ,1       ,32     ,256    ,16384    ,40000  ,16384       ,1.643E+05 ,1.633E+05 ,1.643E+05 ,1.58E+05  ,2.351E+05 ,2.620E+03
memcpy_glibc_v32_movsb_avx2,rand SPEC2017   ,1       ,33     ,256    ,8192     ,80000  ,8192        ,9.209E+04 ,9.202E+04 ,9.208E+04 ,9.13E+04  ,1.673E+05 ,1.214E+03
memcpy_glibc_v32_movsb_avx2,rand SPEC2017   ,1       ,16     ,257    ,32768    ,20000  ,32768       ,4.105E+05 ,4.093E+05 ,4.104E+05 ,4.07E+05  ,4.698E+05 ,3.172E+03
memcpy_glibc_v32_movsb_avx2,rand SPEC2017   ,1       ,32     ,257    ,16384    ,40000  ,16384       ,1.633E+05 ,1.632E+05 ,1.633E+05 ,1.54E+05  ,2.228E+05 ,1.372E+03
memcpy_glibc_v32_movsb_avx2,rand SPEC2017   ,1       ,33     ,257    ,8192     ,80000  ,8192        ,9.193E+04 ,9.195E+04 ,9.192E+04 ,8.65E+04  ,1.406E+05 ,9.459E+02
memcpy_glibc_v32_movsb_avx2,rand SPEC2017   ,1       ,0      ,31     ,16384    ,40000  ,16384       ,2.188E+05 ,2.177E+05 ,2.187E+05 ,2.10E+05  ,2.604E+05 ,3.164E+03
memcpy_glibc_v32_movsb_avx2,rand SPEC2017   ,1       ,0      ,32     ,32768    ,20000  ,32768       ,5.076E+05 ,5.089E+05 ,5.076E+05 ,4.81E+05  ,5.524E+05 ,5.197E+03
memcpy_glibc_v32_movsb_avx2,rand SPEC2017   ,1       ,0      ,64     ,32768    ,20000  ,32768       ,5.083E+05 ,5.086E+05 ,5.083E+05 ,4.81E+05  ,5.489E+05 ,3.132E+03
memcpy_glibc_v32_movsb_avx2,rand SPEC2017   ,1       ,0      ,65     ,32768    ,20000  ,32768       ,5.077E+05 ,5.075E+05 ,5.077E+05 ,4.80E+05  ,5.500E+05 ,1.898E+03
memcpy_glibc_v32_movsb_avx2,rand SPEC2017   ,1       ,0      ,128    ,32768    ,20000  ,32768       ,5.202E+05 ,5.208E+05 ,5.202E+05 ,4.94E+05  ,6.939E+05 ,4.881E+03
memcpy_glibc_v32_movsb_avx2,rand SPEC2017   ,1       ,0      ,256    ,32768    ,20000  ,32768       ,5.709E+05 ,5.706E+05 ,5.697E+05 ,5.23E+05  ,2.372E+07 ,1.649E+05
memcpy_glibc_v32_movsb_avx2,rand SPEC2017   ,1       ,32     ,-1     ,32768    ,20000  ,32768       ,6.248E+05 ,6.240E+05 ,6.247E+05 ,5.89E+05  ,9.219E+05 ,5.197E+03
memcpy_glibc_v32_movsb_avx2,rand SPEC2017   ,1       ,33     ,-1     ,8192     ,80000  ,8192        ,2.074E+05 ,2.091E+05 ,2.074E+05 ,1.97E+05  ,2.501E+05 ,3.868E+03
memcpy_glibc_v32_movsb_avx2,rand SPEC2017   ,1       ,64     ,-1     ,8192     ,80000  ,8192        ,2.084E+05 ,2.101E+05 ,2.083E+05 ,1.98E+05  ,2.782E+05 ,3.875E+03
memcpy_glibc_v32_movsb_avx2,rand SPEC2017   ,1       ,65     ,-1     ,8192     ,80000  ,8192        ,2.099E+05 ,2.115E+05 ,2.098E+05 ,1.99E+05  ,3.053E+05 ,3.898E+03
memcpy_glibc_v32_movsb_avx2,rand SPEC2017   ,1       ,129    ,-1     ,8192     ,80000  ,8192        ,2.180E+05 ,2.189E+05 ,2.180E+05 ,2.05E+05  ,3.006E+05 ,3.431E+03
memcpy_glibc_v32_movsb_avx2,rand SPEC2017   ,1       ,257    ,-1     ,4096     ,160000 ,4096        ,1.357E+05 ,1.359E+05 ,1.356E+05 ,1.28E+05  ,1.910E+05 ,1.804E+03
memcpy_glibc_v32_movsb_avx2,rand SPEC2017   ,1       ,0      ,-1     ,65536    ,10000  ,65536       ,1.423E+06 ,1.412E+06 ,1.423E+06 ,1.36E+06  ,1.518E+06 ,2.026E+04
memcpy_glibc_v32_movsb_avx2,rand SPEC2017   ,2       ,0      ,-1     ,65536    ,10000  ,65536       ,1.314E+06 ,1.317E+06 ,1.314E+06 ,1.25E+06  ,1.407E+06 ,1.885E+04
memcpy_glibc_v32_movsb_avx2,rand SPEC2017   ,4       ,0      ,-1     ,65536    ,10000  ,65536       ,1.702E+06 ,1.701E+06 ,1.702E+06 ,1.65E+06  ,1.793E+06 ,4.702E+03
memcpy_glibc_v32_movsb_avx2,rand SPEC2017   ,8       ,0      ,-1     ,65536    ,10000  ,65536       ,2.385E+06 ,2.382E+06 ,2.383E+06 ,2.20E+06  ,3.035E+07 ,2.801E+05
memcpy_glibc_v32_movsb_avx2,rand SPEC2017   ,16      ,0      ,-1     ,65536    ,10000  ,65536       ,4.326E+06 ,4.279E+06 ,4.325E+06 ,4.17E+06  ,5.306E+06 ,6.077E+04
memcpy_glibc_v32_movsb_avx2,rand SPEC2017   ,32      ,0      ,-1     ,65536    ,10000  ,65536       ,8.227E+06 ,8.230E+06 ,8.227E+06 ,7.94E+06  ,8.812E+06 ,2.853E+04
memcpy_glibc_v32_movsb_avx2,rand SPEC2017   ,64      ,0      ,-1     ,65536    ,10000  ,65536       ,1.624E+07 ,1.634E+07 ,1.624E+07 ,1.57E+07  ,4.512E+07 ,3.481E+05
memcpy_glibc_v32_movsb_avx2,rand SPEC2017   ,128     ,0      ,-1     ,65536    ,10000  ,65536       ,3.395E+07 ,3.419E+07 ,3.395E+07 ,3.32E+07  ,6.144E+07 ,5.511E+05
memcpy_glibc_v32_movsb_avx2,rand SPEC2017   ,256     ,0      ,-1     ,65536    ,10000  ,65536       ,7.679E+07 ,7.693E+07 ,7.679E+07 ,7.53E+07  ,1.052E+08 ,9.226E+05
memcpy_dev_v32_movsb_avx2_v19,rand SPEC2017   ,1       ,16     ,256    ,32768    ,20000  ,32768       ,3.939E+05 ,3.919E+05 ,3.938E+05 ,3.70E+05  ,5.525E+05 ,5.971E+03
memcpy_dev_v32_movsb_avx2_v19,rand SPEC2017   ,1       ,32     ,256    ,16384    ,40000  ,16384       ,1.523E+05 ,1.532E+05 ,1.523E+05 ,1.44E+05  ,1.991E+05 ,3.336E+03
memcpy_dev_v32_movsb_avx2_v19,rand SPEC2017   ,1       ,33     ,256    ,8192     ,80000  ,8192        ,8.719E+04 ,8.707E+04 ,8.718E+04 ,8.40E+04  ,1.590E+05 ,9.273E+02
memcpy_dev_v32_movsb_avx2_v19,rand SPEC2017   ,1       ,16     ,257    ,32768    ,20000  ,32768       ,3.888E+05 ,3.894E+05 ,3.887E+05 ,3.68E+05  ,5.885E+05 ,8.511E+03
memcpy_dev_v32_movsb_avx2_v19,rand SPEC2017   ,1       ,32     ,257    ,16384    ,40000  ,16384       ,1.508E+05 ,1.502E+05 ,1.508E+05 ,1.42E+05  ,1.914E+05 ,2.230E+03
memcpy_dev_v32_movsb_avx2_v19,rand SPEC2017   ,1       ,33     ,257    ,8192     ,80000  ,8192        ,8.600E+04 ,8.641E+04 ,8.598E+04 ,8.11E+04  ,1.291E+05 ,1.649E+03
memcpy_dev_v32_movsb_avx2_v19,rand SPEC2017   ,1       ,0      ,31     ,16384    ,40000  ,16384       ,2.054E+05 ,2.059E+05 ,2.053E+05 ,1.94E+05  ,2.700E+05 ,3.146E+03
memcpy_dev_v32_movsb_avx2_v19,rand SPEC2017   ,1       ,0      ,32     ,32768    ,20000  ,32768       ,4.954E+05 ,4.962E+05 ,4.953E+05 ,4.69E+05  ,6.951E+05 ,7.741E+03
memcpy_dev_v32_movsb_avx2_v19,rand SPEC2017   ,1       ,0      ,64     ,32768    ,20000  ,32768       ,4.923E+05 ,4.924E+05 ,4.923E+05 ,4.67E+05  ,6.071E+05 ,3.857E+03
memcpy_dev_v32_movsb_avx2_v19,rand SPEC2017   ,1       ,0      ,65     ,32768    ,20000  ,32768       ,4.934E+05 ,4.935E+05 ,4.921E+05 ,4.56E+05  ,2.306E+07 ,1.618E+05
memcpy_dev_v32_movsb_avx2_v19,rand SPEC2017   ,1       ,0      ,128    ,32768    ,20000  ,32768       ,5.033E+05 ,5.034E+05 ,5.033E+05 ,4.74E+05  ,6.987E+05 ,6.992E+03
memcpy_dev_v32_movsb_avx2_v19,rand SPEC2017   ,1       ,0      ,256    ,32768    ,20000  ,32768       ,5.373E+05 ,5.375E+05 ,5.372E+05 ,5.07E+05  ,6.885E+05 ,5.601E+03
memcpy_dev_v32_movsb_avx2_v19,rand SPEC2017   ,1       ,32     ,-1     ,32768    ,20000  ,32768       ,5.690E+05 ,5.661E+05 ,5.690E+05 ,5.46E+05  ,6.278E+05 ,7.455E+03
memcpy_dev_v32_movsb_avx2_v19,rand SPEC2017   ,1       ,33     ,-1     ,8192     ,80000  ,8192        ,1.947E+05 ,1.929E+05 ,1.946E+05 ,1.85E+05  ,3.015E+05 ,4.106E+03
memcpy_dev_v32_movsb_avx2_v19,rand SPEC2017   ,1       ,64     ,-1     ,8192     ,80000  ,8192        ,1.929E+05 ,1.911E+05 ,1.928E+05 ,1.84E+05  ,3.246E+05 ,4.348E+03
memcpy_dev_v32_movsb_avx2_v19,rand SPEC2017   ,1       ,65     ,-1     ,8192     ,80000  ,8192        ,1.947E+05 ,1.934E+05 ,1.947E+05 ,1.85E+05  ,2.898E+05 ,3.644E+03
memcpy_dev_v32_movsb_avx2_v19,rand SPEC2017   ,1       ,129    ,-1     ,8192     ,80000  ,8192        ,2.025E+05 ,2.009E+05 ,2.025E+05 ,1.93E+05  ,2.491E+05 ,3.618E+03
memcpy_dev_v32_movsb_avx2_v19,rand SPEC2017   ,1       ,257    ,-1     ,4096     ,160000 ,4096        ,1.202E+05 ,1.193E+05 ,1.202E+05 ,1.15E+05  ,1.991E+05 ,2.458E+03
memcpy_dev_v32_movsb_avx2_v19,rand SPEC2017   ,1       ,0      ,-1     ,65536    ,10000  ,65536       ,1.340E+06 ,1.338E+06 ,1.340E+06 ,1.28E+06  ,1.524E+06 ,1.969E+04
memcpy_dev_v32_movsb_avx2_v19,rand SPEC2017   ,2       ,0      ,-1     ,65536    ,10000  ,65536       ,1.231E+06 ,1.235E+06 ,1.231E+06 ,1.17E+06  ,1.312E+06 ,1.749E+04
memcpy_dev_v32_movsb_avx2_v19,rand SPEC2017   ,4       ,0      ,-1     ,65536    ,10000  ,65536       ,1.596E+06 ,1.596E+06 ,1.593E+06 ,1.44E+06  ,2.945E+07 ,2.792E+05
memcpy_dev_v32_movsb_avx2_v19,rand SPEC2017   ,8       ,0      ,-1     ,65536    ,10000  ,65536       ,2.207E+06 ,2.208E+06 ,2.207E+06 ,2.09E+06  ,2.528E+06 ,1.061E+04
memcpy_dev_v32_movsb_avx2_v19,rand SPEC2017   ,16      ,0      ,-1     ,65536    ,10000  ,65536       ,3.984E+06 ,3.970E+06 ,3.984E+06 ,3.87E+06  ,4.183E+06 ,3.932E+04
memcpy_dev_v32_movsb_avx2_v19,rand SPEC2017   ,32      ,0      ,-1     ,65536    ,10000  ,65536       ,7.646E+06 ,7.659E+06 ,7.646E+06 ,7.37E+06  ,8.422E+06 ,5.209E+04
memcpy_dev_v32_movsb_avx2_v19,rand SPEC2017   ,64      ,0      ,-1     ,65536    ,10000  ,65536       ,1.517E+07 ,1.529E+07 ,1.516E+07 ,1.48E+07  ,4.288E+07 ,3.371E+05
memcpy_dev_v32_movsb_avx2_v19,rand SPEC2017   ,128     ,0      ,-1     ,65536    ,10000  ,65536       ,3.338E+07 ,3.350E+07 ,3.338E+07 ,3.28E+07  ,6.155E+07 ,5.403E+05
memcpy_dev_v32_movsb_avx2_v19,rand SPEC2017   ,256     ,0      ,-1     ,65536    ,10000  ,65536       ,7.370E+07 ,7.394E+07 ,7.369E+07 ,7.22E+07  ,1.028E+08 ,8.416E+05
memcpy_dev_v32_movsb_avx2_v20,rand SPEC2017   ,1       ,16     ,256    ,32768    ,20000  ,32768       ,3.988E+05 ,3.978E+05 ,3.987E+05 ,3.84E+05  ,6.247E+05 ,5.496E+03
memcpy_dev_v32_movsb_avx2_v20,rand SPEC2017   ,1       ,32     ,256    ,16384    ,40000  ,16384       ,1.524E+05 ,1.523E+05 ,1.523E+05 ,1.43E+05  ,1.960E+05 ,1.324E+03
memcpy_dev_v32_movsb_avx2_v20,rand SPEC2017   ,1       ,33     ,256    ,8192     ,80000  ,8192        ,8.206E+04 ,8.124E+04 ,8.204E+04 ,7.78E+04  ,1.201E+05 ,1.919E+03
memcpy_dev_v32_movsb_avx2_v20,rand SPEC2017   ,1       ,16     ,257    ,32768    ,20000  ,32768       ,3.916E+05 ,3.950E+05 ,3.915E+05 ,3.73E+05  ,5.577E+05 ,6.882E+03
memcpy_dev_v32_movsb_avx2_v20,rand SPEC2017   ,1       ,32     ,257    ,16384    ,40000  ,16384       ,1.484E+05 ,1.471E+05 ,1.484E+05 ,1.41E+05  ,2.007E+05 ,2.841E+03
memcpy_dev_v32_movsb_avx2_v20,rand SPEC2017   ,1       ,33     ,257    ,8192     ,80000  ,8192        ,8.169E+04 ,8.167E+04 ,8.169E+04 ,7.65E+04  ,1.402E+05 ,8.759E+02
memcpy_dev_v32_movsb_avx2_v20,rand SPEC2017   ,1       ,0      ,31     ,16384    ,40000  ,16384       ,2.159E+05 ,2.148E+05 ,2.159E+05 ,2.07E+05  ,2.585E+05 ,2.952E+03
memcpy_dev_v32_movsb_avx2_v20,rand SPEC2017   ,1       ,0      ,32     ,32768    ,20000  ,32768       ,5.044E+05 ,5.077E+05 ,5.044E+05 ,4.80E+05  ,6.536E+05 ,7.435E+03
memcpy_dev_v32_movsb_avx2_v20,rand SPEC2017   ,1       ,0      ,64     ,32768    ,20000  ,32768       ,5.076E+05 ,5.079E+05 ,5.076E+05 ,4.78E+05  ,5.585E+05 ,3.737E+03
memcpy_dev_v32_movsb_avx2_v20,rand SPEC2017   ,1       ,0      ,65     ,32768    ,20000  ,32768       ,5.062E+05 ,5.063E+05 ,5.062E+05 ,4.80E+05  ,6.760E+05 ,3.228E+03
memcpy_dev_v32_movsb_avx2_v20,rand SPEC2017   ,1       ,0      ,128    ,32768    ,20000  ,32768       ,5.174E+05 ,5.180E+05 ,5.174E+05 ,4.89E+05  ,6.212E+05 ,4.547E+03
memcpy_dev_v32_movsb_avx2_v20,rand SPEC2017   ,1       ,0      ,256    ,32768    ,20000  ,32768       ,5.485E+05 ,5.501E+05 ,5.484E+05 ,5.19E+05  ,5.939E+05 ,6.668E+03
memcpy_dev_v32_movsb_avx2_v20,rand SPEC2017   ,1       ,32     ,-1     ,32768    ,20000  ,32768       ,6.022E+05 ,5.995E+05 ,6.010E+05 ,5.66E+05  ,2.070E+07 ,1.480E+05
memcpy_dev_v32_movsb_avx2_v20,rand SPEC2017   ,1       ,33     ,-1     ,8192     ,80000  ,8192        ,2.107E+05 ,2.099E+05 ,2.107E+05 ,2.02E+05  ,2.620E+05 ,2.778E+03
memcpy_dev_v32_movsb_avx2_v20,rand SPEC2017   ,1       ,64     ,-1     ,8192     ,80000  ,8192        ,2.111E+05 ,2.095E+05 ,2.111E+05 ,2.02E+05  ,2.602E+05 ,3.635E+03
memcpy_dev_v32_movsb_avx2_v20,rand SPEC2017   ,1       ,65     ,-1     ,8192     ,80000  ,8192        ,2.129E+05 ,2.118E+05 ,2.129E+05 ,2.03E+05  ,3.285E+05 ,3.389E+03
memcpy_dev_v32_movsb_avx2_v20,rand SPEC2017   ,1       ,129    ,-1     ,8192     ,80000  ,8192        ,2.214E+05 ,2.202E+05 ,2.214E+05 ,2.11E+05  ,3.329E+05 ,3.478E+03
memcpy_dev_v32_movsb_avx2_v20,rand SPEC2017   ,1       ,257    ,-1     ,4096     ,160000 ,4096        ,1.344E+05 ,1.353E+05 ,1.344E+05 ,1.27E+05  ,2.406E+05 ,2.766E+03
memcpy_dev_v32_movsb_avx2_v20,rand SPEC2017   ,1       ,0      ,-1     ,65536    ,10000  ,65536       ,1.396E+06 ,1.405E+06 ,1.396E+06 ,1.33E+06  ,1.487E+06 ,1.929E+04
memcpy_dev_v32_movsb_avx2_v20,rand SPEC2017   ,2       ,0      ,-1     ,65536    ,10000  ,65536       ,1.335E+06 ,1.342E+06 ,1.334E+06 ,1.27E+06  ,1.424E+06 ,1.948E+04
memcpy_dev_v32_movsb_avx2_v20,rand SPEC2017   ,4       ,0      ,-1     ,65536    ,10000  ,65536       ,1.713E+06 ,1.713E+06 ,1.713E+06 ,1.70E+06  ,1.779E+06 ,3.535E+03
memcpy_dev_v32_movsb_avx2_v20,rand SPEC2017   ,8       ,0      ,-1     ,65536    ,10000  ,65536       ,2.342E+06 ,2.340E+06 ,2.342E+06 ,2.29E+06  ,2.942E+06 ,1.272E+04
memcpy_dev_v32_movsb_avx2_v20,rand SPEC2017   ,16      ,0      ,-1     ,65536    ,10000  ,65536       ,4.288E+06 ,4.299E+06 ,4.288E+06 ,4.11E+06  ,4.682E+06 ,3.713E+04
memcpy_dev_v32_movsb_avx2_v20,rand SPEC2017   ,32      ,0      ,-1     ,65536    ,10000  ,65536       ,7.904E+06 ,7.985E+06 ,7.904E+06 ,7.71E+06  ,9.078E+06 ,1.068E+05
memcpy_dev_v32_movsb_avx2_v20,rand SPEC2017   ,64      ,0      ,-1     ,65536    ,10000  ,65536       ,1.599E+07 ,1.585E+07 ,1.598E+07 ,1.57E+07  ,4.353E+07 ,3.407E+05
memcpy_dev_v32_movsb_avx2_v20,rand SPEC2017   ,128     ,0      ,-1     ,65536    ,10000  ,65536       ,3.578E+07 ,3.552E+07 ,3.578E+07 ,3.54E+07  ,6.424E+07 ,5.838E+05
memcpy_dev_v32_movsb_avx2_v20,rand SPEC2017   ,256     ,0      ,-1     ,65536    ,10000  ,65536       ,7.411E+07 ,7.367E+07 ,7.410E+07 ,7.34E+07  ,1.033E+08 ,8.829E+05
memcpy_dev_v32_movsb_avx2_v21,rand SPEC2017   ,1       ,16     ,256    ,32768    ,20000  ,32768       ,3.950E+05 ,3.933E+05 ,3.950E+05 ,3.79E+05  ,4.452E+05 ,5.286E+03
memcpy_dev_v32_movsb_avx2_v21,rand SPEC2017   ,1       ,32     ,256    ,16384    ,40000  ,16384       ,1.539E+05 ,1.538E+05 ,1.538E+05 ,1.44E+05  ,2.574E+05 ,3.442E+03
memcpy_dev_v32_movsb_avx2_v21,rand SPEC2017   ,1       ,33     ,256    ,8192     ,80000  ,8192        ,8.616E+04 ,8.612E+04 ,8.616E+04 ,8.52E+04  ,1.250E+05 ,5.652E+02
memcpy_dev_v32_movsb_avx2_v21,rand SPEC2017   ,1       ,16     ,257    ,32768    ,20000  ,32768       ,3.857E+05 ,3.830E+05 ,3.856E+05 ,3.69E+05  ,5.692E+05 ,6.553E+03
memcpy_dev_v32_movsb_avx2_v21,rand SPEC2017   ,1       ,32     ,257    ,16384    ,40000  ,16384       ,1.503E+05 ,1.499E+05 ,1.503E+05 ,1.48E+05  ,2.038E+05 ,1.754E+03
memcpy_dev_v32_movsb_avx2_v21,rand SPEC2017   ,1       ,33     ,257    ,8192     ,80000  ,8192        ,8.610E+04 ,8.674E+04 ,8.608E+04 ,8.13E+04  ,1.258E+05 ,1.825E+03
memcpy_dev_v32_movsb_avx2_v21,rand SPEC2017   ,1       ,0      ,31     ,16384    ,40000  ,16384       ,2.040E+05 ,2.050E+05 ,2.040E+05 ,1.93E+05  ,2.845E+05 ,3.621E+03
memcpy_dev_v32_movsb_avx2_v21,rand SPEC2017   ,1       ,0      ,32     ,32768    ,20000  ,32768       ,4.959E+05 ,4.957E+05 ,4.959E+05 ,4.70E+05  ,5.514E+05 ,3.051E+03
memcpy_dev_v32_movsb_avx2_v21,rand SPEC2017   ,1       ,0      ,64     ,32768    ,20000  ,32768       ,4.904E+05 ,4.923E+05 ,4.904E+05 ,4.65E+05  ,6.472E+05 ,6.530E+03
memcpy_dev_v32_movsb_avx2_v21,rand SPEC2017   ,1       ,0      ,65     ,32768    ,20000  ,32768       ,4.920E+05 ,4.929E+05 ,4.919E+05 ,4.67E+05  ,5.481E+05 ,4.950E+03
memcpy_dev_v32_movsb_avx2_v21,rand SPEC2017   ,1       ,0      ,128    ,32768    ,20000  ,32768       ,5.000E+05 ,5.028E+05 ,4.999E+05 ,4.76E+05  ,5.432E+05 ,6.919E+03
memcpy_dev_v32_movsb_avx2_v21,rand SPEC2017   ,1       ,0      ,256    ,32768    ,20000  ,32768       ,5.367E+05 ,5.374E+05 ,5.367E+05 ,5.05E+05  ,5.961E+05 ,5.193E+03
memcpy_dev_v32_movsb_avx2_v21,rand SPEC2017   ,1       ,32     ,-1     ,32768    ,20000  ,32768       ,5.616E+05 ,5.608E+05 ,5.616E+05 ,5.51E+05  ,6.165E+05 ,5.690E+03
memcpy_dev_v32_movsb_avx2_v21,rand SPEC2017   ,1       ,33     ,-1     ,8192     ,80000  ,8192        ,1.921E+05 ,1.910E+05 ,1.921E+05 ,1.84E+05  ,2.526E+05 ,3.188E+03
memcpy_dev_v32_movsb_avx2_v21,rand SPEC2017   ,1       ,64     ,-1     ,8192     ,80000  ,8192        ,1.920E+05 ,1.912E+05 ,1.920E+05 ,1.83E+05  ,3.142E+05 ,3.099E+03
memcpy_dev_v32_movsb_avx2_v21,rand SPEC2017   ,1       ,65     ,-1     ,8192     ,80000  ,8192        ,1.927E+05 ,1.924E+05 ,1.927E+05 ,1.85E+05  ,2.457E+05 ,1.980E+03
memcpy_dev_v32_movsb_avx2_v21,rand SPEC2017   ,1       ,129    ,-1     ,8192     ,80000  ,8192        ,2.011E+05 ,2.001E+05 ,2.010E+05 ,1.92E+05  ,3.075E+05 ,3.294E+03
memcpy_dev_v32_movsb_avx2_v21,rand SPEC2017   ,1       ,257    ,-1     ,4096     ,160000 ,4096        ,1.208E+05 ,1.202E+05 ,1.208E+05 ,1.15E+05  ,1.659E+05 ,2.223E+03
memcpy_dev_v32_movsb_avx2_v21,rand SPEC2017   ,1       ,0      ,-1     ,65536    ,10000  ,65536       ,1.350E+06 ,1.356E+06 ,1.350E+06 ,1.28E+06  ,1.432E+06 ,1.615E+04
memcpy_dev_v32_movsb_avx2_v21,rand SPEC2017   ,2       ,0      ,-1     ,65536    ,10000  ,65536       ,1.220E+06 ,1.227E+06 ,1.220E+06 ,1.16E+06  ,1.298E+06 ,1.951E+04
memcpy_dev_v32_movsb_avx2_v21,rand SPEC2017   ,4       ,0      ,-1     ,65536    ,10000  ,65536       ,1.587E+06 ,1.594E+06 ,1.587E+06 ,1.50E+06  ,2.060E+06 ,1.991E+04
memcpy_dev_v32_movsb_avx2_v21,rand SPEC2017   ,8       ,0      ,-1     ,65536    ,10000  ,65536       ,2.197E+06 ,2.198E+06 ,2.197E+06 ,2.08E+06  ,3.265E+06 ,2.982E+04
memcpy_dev_v32_movsb_avx2_v21,rand SPEC2017   ,16      ,0      ,-1     ,65536    ,10000  ,65536       ,3.985E+06 ,3.980E+06 ,3.985E+06 ,3.88E+06  ,6.054E+06 ,3.823E+04
memcpy_dev_v32_movsb_avx2_v21,rand SPEC2017   ,32      ,0      ,-1     ,65536    ,10000  ,65536       ,7.499E+06 ,7.520E+06 ,7.498E+06 ,7.26E+06  ,1.063E+07 ,7.432E+04
memcpy_dev_v32_movsb_avx2_v21,rand SPEC2017   ,64      ,0      ,-1     ,65536    ,10000  ,65536       ,1.522E+07 ,1.528E+07 ,1.522E+07 ,1.49E+07  ,4.200E+07 ,3.383E+05
memcpy_dev_v32_movsb_avx2_v21,rand SPEC2017   ,128     ,0      ,-1     ,65536    ,10000  ,65536       ,3.366E+07 ,3.375E+07 ,3.366E+07 ,3.31E+07  ,6.174E+07 ,5.469E+05
memcpy_dev_v32_movsb_avx2_v21,rand SPEC2017   ,256     ,0      ,-1     ,65536    ,10000  ,65536       ,7.334E+07 ,7.346E+07 ,7.334E+07 ,7.20E+07  ,1.012E+08 ,9.278E+05
memcpy_dev_v32_movsb_avx2_v22,rand SPEC2017   ,1       ,16     ,256    ,32768    ,20000  ,32768       ,3.980E+05 ,3.966E+05 ,3.980E+05 ,3.84E+05  ,4.592E+05 ,3.804E+03
memcpy_dev_v32_movsb_avx2_v22,rand SPEC2017   ,1       ,32     ,256    ,16384    ,40000  ,16384       ,1.510E+05 ,1.512E+05 ,1.509E+05 ,1.42E+05  ,2.519E+05 ,3.209E+03
memcpy_dev_v32_movsb_avx2_v22,rand SPEC2017   ,1       ,33     ,256    ,8192     ,80000  ,8192        ,8.135E+04 ,8.118E+04 ,8.134E+04 ,7.82E+04  ,1.211E+05 ,1.027E+03
memcpy_dev_v32_movsb_avx2_v22,rand SPEC2017   ,1       ,16     ,257    ,32768    ,20000  ,32768       ,3.903E+05 ,3.873E+05 ,3.902E+05 ,3.73E+05  ,6.080E+05 ,6.943E+03
memcpy_dev_v32_movsb_avx2_v22,rand SPEC2017   ,1       ,32     ,257    ,16384    ,40000  ,16384       ,1.490E+05 ,1.484E+05 ,1.490E+05 ,1.43E+05  ,2.315E+05 ,2.521E+03
memcpy_dev_v32_movsb_avx2_v22,rand SPEC2017   ,1       ,33     ,257    ,8192     ,80000  ,8192        ,8.165E+04 ,8.166E+04 ,8.165E+04 ,7.65E+04  ,1.344E+05 ,9.904E+02
memcpy_dev_v32_movsb_avx2_v22,rand SPEC2017   ,1       ,0      ,31     ,16384    ,40000  ,16384       ,2.180E+05 ,2.165E+05 ,2.180E+05 ,2.08E+05  ,2.640E+05 ,3.662E+03
memcpy_dev_v32_movsb_avx2_v22,rand SPEC2017   ,1       ,0      ,32     ,32768    ,20000  ,32768       ,5.049E+05 ,5.063E+05 ,5.049E+05 ,4.77E+05  ,6.416E+05 ,5.691E+03
memcpy_dev_v32_movsb_avx2_v22,rand SPEC2017   ,1       ,0      ,64     ,32768    ,20000  ,32768       ,5.037E+05 ,5.048E+05 ,5.037E+05 ,4.77E+05  ,5.641E+05 ,5.014E+03
memcpy_dev_v32_movsb_avx2_v22,rand SPEC2017   ,1       ,0      ,65     ,32768    ,20000  ,32768       ,5.017E+05 ,5.033E+05 ,5.017E+05 ,4.75E+05  ,6.719E+05 ,6.195E+03
memcpy_dev_v32_movsb_avx2_v22,rand SPEC2017   ,1       ,0      ,128    ,32768    ,20000  ,32768       ,5.145E+05 ,5.162E+05 ,5.145E+05 ,4.88E+05  ,5.598E+05 ,6.179E+03
memcpy_dev_v32_movsb_avx2_v22,rand SPEC2017   ,1       ,0      ,256    ,32768    ,20000  ,32768       ,5.476E+05 ,5.510E+05 ,5.475E+05 ,5.20E+05  ,5.953E+05 ,8.008E+03
memcpy_dev_v32_movsb_avx2_v22,rand SPEC2017   ,1       ,32     ,-1     ,32768    ,20000  ,32768       ,5.995E+05 ,5.985E+05 ,5.995E+05 ,5.92E+05  ,6.652E+05 ,3.804E+03
memcpy_dev_v32_movsb_avx2_v22,rand SPEC2017   ,1       ,33     ,-1     ,8192     ,80000  ,8192        ,2.103E+05 ,2.094E+05 ,2.103E+05 ,2.02E+05  ,2.560E+05 ,2.888E+03
memcpy_dev_v32_movsb_avx2_v22,rand SPEC2017   ,1       ,64     ,-1     ,8192     ,80000  ,8192        ,2.114E+05 ,2.110E+05 ,2.111E+05 ,1.97E+05  ,1.886E+07 ,6.860E+04
memcpy_dev_v32_movsb_avx2_v22,rand SPEC2017   ,1       ,65     ,-1     ,8192     ,80000  ,8192        ,2.127E+05 ,2.124E+05 ,2.127E+05 ,2.05E+05  ,3.174E+05 ,1.955E+03
memcpy_dev_v32_movsb_avx2_v22,rand SPEC2017   ,1       ,129    ,-1     ,8192     ,80000  ,8192        ,2.201E+05 ,2.197E+05 ,2.201E+05 ,2.12E+05  ,3.425E+05 ,2.348E+03
memcpy_dev_v32_movsb_avx2_v22,rand SPEC2017   ,1       ,257    ,-1     ,4096     ,160000 ,4096        ,1.343E+05 ,1.330E+05 ,1.343E+05 ,1.25E+05  ,2.156E+05 ,2.937E+03
memcpy_dev_v32_movsb_avx2_v22,rand SPEC2017   ,1       ,0      ,-1     ,65536    ,10000  ,65536       ,1.394E+06 ,1.406E+06 ,1.394E+06 ,1.33E+06  ,1.523E+06 ,1.999E+04
memcpy_dev_v32_movsb_avx2_v22,rand SPEC2017   ,2       ,0      ,-1     ,65536    ,10000  ,65536       ,1.330E+06 ,1.324E+06 ,1.330E+06 ,1.28E+06  ,1.874E+06 ,2.183E+04
memcpy_dev_v32_movsb_avx2_v22,rand SPEC2017   ,4       ,0      ,-1     ,65536    ,10000  ,65536       ,1.711E+06 ,1.715E+06 ,1.710E+06 ,1.62E+06  ,1.793E+06 ,1.662E+04
memcpy_dev_v32_movsb_avx2_v22,rand SPEC2017   ,8       ,0      ,-1     ,65536    ,10000  ,65536       ,2.342E+06 ,2.344E+06 ,2.342E+06 ,2.22E+06  ,2.461E+06 ,1.573E+04
memcpy_dev_v32_movsb_avx2_v22,rand SPEC2017   ,16      ,0      ,-1     ,65536    ,10000  ,65536       ,4.250E+06 ,4.277E+06 ,4.247E+06 ,3.96E+06  ,3.202E+07 ,2.832E+05
memcpy_dev_v32_movsb_avx2_v22,rand SPEC2017   ,32      ,0      ,-1     ,65536    ,10000  ,65536       ,7.767E+06 ,7.699E+06 ,7.766E+06 ,7.61E+06  ,8.585E+06 ,9.947E+04
memcpy_dev_v32_movsb_avx2_v22,rand SPEC2017   ,64      ,0      ,-1     ,65536    ,10000  ,65536       ,1.566E+07 ,1.560E+07 ,1.566E+07 ,1.55E+07  ,4.337E+07 ,3.159E+05
memcpy_dev_v32_movsb_avx2_v22,rand SPEC2017   ,128     ,0      ,-1     ,65536    ,10000  ,65536       ,3.297E+07 ,3.284E+07 ,3.296E+07 ,3.26E+07  ,5.946E+07 ,4.635E+05
memcpy_dev_v32_movsb_avx2_v22,rand SPEC2017   ,256     ,0      ,-1     ,65536    ,10000  ,65536       ,7.612E+07 ,7.583E+07 ,7.612E+07 ,7.57E+07  ,1.055E+08 ,8.133E+05
memcpy_glibc_v32_movsb_avx2,rand SPEC2017   ,1       ,16     ,256    ,32768    ,20000  ,32768       ,4.236E+05 ,4.225E+05 ,4.236E+05 ,3.97E+05  ,5.225E+05 ,5.258E+03
memcpy_glibc_v32_movsb_avx2,rand SPEC2017   ,1       ,32     ,256    ,16384    ,40000  ,16384       ,1.642E+05 ,1.633E+05 ,1.642E+05 ,1.58E+05  ,2.149E+05 ,2.556E+03
memcpy_glibc_v32_movsb_avx2,rand SPEC2017   ,1       ,33     ,256    ,8192     ,80000  ,8192        ,9.158E+04 ,9.149E+04 ,9.158E+04 ,8.84E+04  ,1.398E+05 ,7.552E+02
memcpy_glibc_v32_movsb_avx2,rand SPEC2017   ,1       ,16     ,257    ,32768    ,20000  ,32768       ,4.130E+05 ,4.122E+05 ,4.130E+05 ,4.00E+05  ,4.677E+05 ,4.416E+03
memcpy_glibc_v32_movsb_avx2,rand SPEC2017   ,1       ,32     ,257    ,16384    ,40000  ,16384       ,1.633E+05 ,1.632E+05 ,1.632E+05 ,1.53E+05  ,2.756E+05 ,1.874E+03
memcpy_glibc_v32_movsb_avx2,rand SPEC2017   ,1       ,33     ,257    ,8192     ,80000  ,8192        ,9.185E+04 ,9.258E+04 ,9.183E+04 ,8.71E+04  ,1.528E+05 ,1.960E+03
memcpy_glibc_v32_movsb_avx2,rand SPEC2017   ,1       ,0      ,31     ,16384    ,40000  ,16384       ,2.192E+05 ,2.179E+05 ,2.192E+05 ,2.08E+05  ,3.260E+05 ,3.517E+03
memcpy_glibc_v32_movsb_avx2,rand SPEC2017   ,1       ,0      ,32     ,32768    ,20000  ,32768       ,5.059E+05 ,5.088E+05 ,5.058E+05 ,4.80E+05  ,6.477E+05 ,7.205E+03
memcpy_glibc_v32_movsb_avx2,rand SPEC2017   ,1       ,0      ,64     ,32768    ,20000  ,32768       ,5.067E+05 ,5.082E+05 ,5.066E+05 ,4.80E+05  ,5.849E+05 ,5.463E+03
memcpy_glibc_v32_movsb_avx2,rand SPEC2017   ,1       ,0      ,65     ,32768    ,20000  ,32768       ,5.046E+05 ,5.074E+05 ,5.045E+05 ,4.79E+05  ,6.140E+05 ,6.956E+03
memcpy_glibc_v32_movsb_avx2,rand SPEC2017   ,1       ,0      ,128    ,32768    ,20000  ,32768       ,5.184E+05 ,5.204E+05 ,5.183E+05 ,4.92E+05  ,5.728E+05 ,6.558E+03
memcpy_glibc_v32_movsb_avx2,rand SPEC2017   ,1       ,0      ,256    ,32768    ,20000  ,32768       ,5.684E+05 ,5.695E+05 ,5.683E+05 ,5.36E+05  ,7.562E+05 ,6.384E+03
memcpy_glibc_v32_movsb_avx2,rand SPEC2017   ,1       ,32     ,-1     ,32768    ,20000  ,32768       ,6.206E+05 ,6.201E+05 ,6.206E+05 ,5.92E+05  ,8.450E+05 ,3.775E+03
memcpy_glibc_v32_movsb_avx2,rand SPEC2017   ,1       ,33     ,-1     ,8192     ,80000  ,8192        ,2.068E+05 ,2.049E+05 ,2.068E+05 ,1.97E+05  ,3.153E+05 ,3.849E+03
memcpy_glibc_v32_movsb_avx2,rand SPEC2017   ,1       ,64     ,-1     ,8192     ,80000  ,8192        ,2.083E+05 ,2.097E+05 ,2.079E+05 ,1.93E+05  ,1.560E+07 ,6.261E+04
memcpy_glibc_v32_movsb_avx2,rand SPEC2017   ,1       ,65     ,-1     ,8192     ,80000  ,8192        ,2.094E+05 ,2.075E+05 ,2.094E+05 ,2.00E+05  ,3.257E+05 ,4.117E+03
memcpy_glibc_v32_movsb_avx2,rand SPEC2017   ,1       ,129    ,-1     ,8192     ,80000  ,8192        ,2.162E+05 ,2.165E+05 ,2.161E+05 ,2.05E+05  ,2.773E+05 ,4.039E+03
memcpy_glibc_v32_movsb_avx2,rand SPEC2017   ,1       ,257    ,-1     ,4096     ,160000 ,4096        ,1.353E+05 ,1.360E+05 ,1.353E+05 ,1.27E+05  ,2.142E+05 ,2.581E+03
memcpy_glibc_v32_movsb_avx2,rand SPEC2017   ,1       ,0      ,-1     ,65536    ,10000  ,65536       ,1.408E+06 ,1.400E+06 ,1.408E+06 ,1.35E+06  ,1.608E+06 ,1.808E+04
memcpy_glibc_v32_movsb_avx2,rand SPEC2017   ,2       ,0      ,-1     ,65536    ,10000  ,65536       ,1.307E+06 ,1.314E+06 ,1.307E+06 ,1.25E+06  ,1.416E+06 ,2.034E+04
memcpy_glibc_v32_movsb_avx2,rand SPEC2017   ,4       ,0      ,-1     ,65536    ,10000  ,65536       ,1.696E+06 ,1.703E+06 ,1.696E+06 ,1.61E+06  ,1.928E+06 ,1.972E+04
memcpy_glibc_v32_movsb_avx2,rand SPEC2017   ,8       ,0      ,-1     ,65536    ,10000  ,65536       ,2.384E+06 ,2.385E+06 ,2.384E+06 ,2.26E+06  ,2.594E+06 ,1.032E+04
memcpy_glibc_v32_movsb_avx2,rand SPEC2017   ,16      ,0      ,-1     ,65536    ,10000  ,65536       ,4.319E+06 ,4.278E+06 ,4.317E+06 ,4.06E+06  ,3.211E+07 ,2.844E+05
memcpy_glibc_v32_movsb_avx2,rand SPEC2017   ,32      ,0      ,-1     ,65536    ,10000  ,65536       ,8.103E+06 ,8.108E+06 ,8.103E+06 ,7.86E+06  ,9.570E+06 ,4.595E+04
memcpy_glibc_v32_movsb_avx2,rand SPEC2017   ,64      ,0      ,-1     ,65536    ,10000  ,65536       ,1.623E+07 ,1.632E+07 ,1.623E+07 ,1.59E+07  ,4.382E+07 ,3.496E+05
memcpy_glibc_v32_movsb_avx2,rand SPEC2017   ,128     ,0      ,-1     ,65536    ,10000  ,65536       ,3.420E+07 ,3.409E+07 ,3.419E+07 ,3.37E+07  ,6.146E+07 ,5.463E+05
memcpy_glibc_v32_movsb_avx2,rand SPEC2017   ,256     ,0      ,-1     ,65536    ,10000  ,65536       ,7.664E+07 ,7.659E+07 ,7.663E+07 ,7.56E+07  ,1.056E+08 ,9.552E+05
memcpy_dev_v32_movsb_avx2_v19,rand SPEC2017   ,1       ,16     ,256    ,32768    ,20000  ,32768       ,3.935E+05 ,3.924E+05 ,3.935E+05 ,3.68E+05  ,4.837E+05 ,6.085E+03
memcpy_dev_v32_movsb_avx2_v19,rand SPEC2017   ,1       ,32     ,256    ,16384    ,40000  ,16384       ,1.513E+05 ,1.500E+05 ,1.513E+05 ,1.45E+05  ,2.330E+05 ,3.040E+03
memcpy_dev_v32_movsb_avx2_v19,rand SPEC2017   ,1       ,33     ,256    ,8192     ,80000  ,8192        ,8.746E+04 ,8.748E+04 ,8.745E+04 ,8.19E+04  ,1.272E+05 ,8.956E+02
memcpy_dev_v32_movsb_avx2_v19,rand SPEC2017   ,1       ,16     ,257    ,32768    ,20000  ,32768       ,3.819E+05 ,3.806E+05 ,3.818E+05 ,3.69E+05  ,4.576E+05 ,3.772E+03
memcpy_dev_v32_movsb_avx2_v19,rand SPEC2017   ,1       ,32     ,257    ,16384    ,40000  ,16384       ,1.495E+05 ,1.492E+05 ,1.495E+05 ,1.41E+05  ,2.052E+05 ,2.147E+03
memcpy_dev_v32_movsb_avx2_v19,rand SPEC2017   ,1       ,33     ,257    ,8192     ,80000  ,8192        ,8.477E+04 ,8.413E+04 ,8.476E+04 ,8.10E+04  ,1.407E+05 ,1.876E+03
memcpy_dev_v32_movsb_avx2_v19,rand SPEC2017   ,1       ,0      ,31     ,16384    ,40000  ,16384       ,2.030E+05 ,2.015E+05 ,2.030E+05 ,1.94E+05  ,2.527E+05 ,3.608E+03
memcpy_dev_v32_movsb_avx2_v19,rand SPEC2017   ,1       ,0      ,32     ,32768    ,20000  ,32768       ,4.908E+05 ,4.949E+05 ,4.907E+05 ,4.69E+05  ,5.621E+05 ,7.590E+03
memcpy_dev_v32_movsb_avx2_v19,rand SPEC2017   ,1       ,0      ,64     ,32768    ,20000  ,32768       ,4.893E+05 ,4.927E+05 ,4.892E+05 ,4.66E+05  ,6.564E+05 ,7.926E+03
memcpy_dev_v32_movsb_avx2_v19,rand SPEC2017   ,1       ,0      ,65     ,32768    ,20000  ,32768       ,4.885E+05 ,4.924E+05 ,4.885E+05 ,4.66E+05  ,5.445E+05 ,7.585E+03
memcpy_dev_v32_movsb_avx2_v19,rand SPEC2017   ,1       ,0      ,128    ,32768    ,20000  ,32768       ,4.999E+05 ,5.029E+05 ,4.998E+05 ,4.75E+05  ,5.588E+05 ,7.400E+03
memcpy_dev_v32_movsb_avx2_v19,rand SPEC2017   ,1       ,0      ,256    ,32768    ,20000  ,32768       ,5.323E+05 ,5.350E+05 ,5.323E+05 ,5.04E+05  ,5.930E+05 ,8.251E+03
memcpy_dev_v32_movsb_avx2_v19,rand SPEC2017   ,1       ,32     ,-1     ,32768    ,20000  ,32768       ,5.640E+05 ,5.626E+05 ,5.639E+05 ,5.46E+05  ,8.033E+05 ,4.705E+03
memcpy_dev_v32_movsb_avx2_v19,rand SPEC2017   ,1       ,33     ,-1     ,8192     ,80000  ,8192        ,1.929E+05 ,1.923E+05 ,1.926E+05 ,1.80E+05  ,1.559E+07 ,5.986E+04
memcpy_dev_v32_movsb_avx2_v19,rand SPEC2017   ,1       ,64     ,-1     ,8192     ,80000  ,8192        ,1.918E+05 ,1.916E+05 ,1.918E+05 ,1.85E+05  ,2.378E+05 ,1.342E+03
memcpy_dev_v32_movsb_avx2_v19,rand SPEC2017   ,1       ,65     ,-1     ,8192     ,80000  ,8192        ,1.939E+05 ,1.938E+05 ,1.939E+05 ,1.88E+05  ,2.990E+05 ,1.413E+03
memcpy_dev_v32_movsb_avx2_v19,rand SPEC2017   ,1       ,129    ,-1     ,8192     ,80000  ,8192        ,1.992E+05 ,1.989E+05 ,1.992E+05 ,1.92E+05  ,3.152E+05 ,2.277E+03
memcpy_dev_v32_movsb_avx2_v19,rand SPEC2017   ,1       ,257    ,-1     ,4096     ,160000 ,4096        ,1.193E+05 ,1.191E+05 ,1.193E+05 ,1.15E+05  ,1.813E+05 ,1.496E+03
memcpy_dev_v32_movsb_avx2_v19,rand SPEC2017   ,1       ,0      ,-1     ,65536    ,10000  ,65536       ,1.330E+06 ,1.325E+06 ,1.330E+06 ,1.29E+06  ,1.412E+06 ,1.405E+04
memcpy_dev_v32_movsb_avx2_v19,rand SPEC2017   ,2       ,0      ,-1     ,65536    ,10000  ,65536       ,1.215E+06 ,1.205E+06 ,1.215E+06 ,1.17E+06  ,1.307E+06 ,1.815E+04
memcpy_dev_v32_movsb_avx2_v19,rand SPEC2017   ,4       ,0      ,-1     ,65536    ,10000  ,65536       ,1.580E+06 ,1.593E+06 ,1.580E+06 ,1.50E+06  ,1.673E+06 ,2.210E+04
memcpy_dev_v32_movsb_avx2_v19,rand SPEC2017   ,8       ,0      ,-1     ,65536    ,10000  ,65536       ,2.183E+06 ,2.199E+06 ,2.183E+06 ,2.08E+06  ,2.320E+06 ,2.961E+04
memcpy_dev_v32_movsb_avx2_v19,rand SPEC2017   ,16      ,0      ,-1     ,65536    ,10000  ,65536       ,3.979E+06 ,3.976E+06 ,3.977E+06 ,3.74E+06  ,3.162E+07 ,2.769E+05
memcpy_dev_v32_movsb_avx2_v19,rand SPEC2017   ,32      ,0      ,-1     ,65536    ,10000  ,65536       ,7.521E+06 ,7.587E+06 ,7.520E+06 ,7.31E+06  ,8.057E+06 ,9.546E+04
memcpy_dev_v32_movsb_avx2_v19,rand SPEC2017   ,64      ,0      ,-1     ,65536    ,10000  ,65536       ,1.511E+07 ,1.498E+07 ,1.511E+07 ,1.49E+07  ,4.241E+07 ,3.314E+05
memcpy_dev_v32_movsb_avx2_v19,rand SPEC2017   ,128     ,0      ,-1     ,65536    ,10000  ,65536       ,3.352E+07 ,3.330E+07 ,3.352E+07 ,3.32E+07  ,6.196E+07 ,5.188E+05
memcpy_dev_v32_movsb_avx2_v19,rand SPEC2017   ,256     ,0      ,-1     ,65536    ,10000  ,65536       ,7.371E+07 ,7.366E+07 ,7.371E+07 ,7.28E+07  ,1.033E+08 ,9.010E+05
memcpy_dev_v32_movsb_avx2_v20,rand SPEC2017   ,1       ,16     ,256    ,32768    ,20000  ,32768       ,3.960E+05 ,3.953E+05 ,3.960E+05 ,3.85E+05  ,4.980E+05 ,2.408E+03
memcpy_dev_v32_movsb_avx2_v20,rand SPEC2017   ,1       ,32     ,256    ,16384    ,40000  ,16384       ,1.512E+05 ,1.516E+05 ,1.505E+05 ,1.33E+05  ,1.320E+07 ,8.690E+04
memcpy_dev_v32_movsb_avx2_v20,rand SPEC2017   ,1       ,33     ,256    ,8192     ,80000  ,8192        ,8.269E+04 ,8.266E+04 ,8.269E+04 ,8.16E+04  ,1.215E+05 ,5.987E+02
memcpy_dev_v32_movsb_avx2_v20,rand SPEC2017   ,1       ,16     ,257    ,32768    ,20000  ,32768       ,3.868E+05 ,3.844E+05 ,3.867E+05 ,3.72E+05  ,5.573E+05 ,5.502E+03
memcpy_dev_v32_movsb_avx2_v20,rand SPEC2017   ,1       ,32     ,257    ,16384    ,40000  ,16384       ,1.473E+05 ,1.469E+05 ,1.473E+05 ,1.43E+05  ,1.852E+05 ,1.347E+03
memcpy_dev_v32_movsb_avx2_v20,rand SPEC2017   ,1       ,33     ,257    ,8192     ,80000  ,8192        ,8.190E+04 ,8.223E+04 ,8.189E+04 ,7.70E+04  ,1.220E+05 ,1.605E+03
memcpy_dev_v32_movsb_avx2_v20,rand SPEC2017   ,1       ,0      ,31     ,16384    ,40000  ,16384       ,2.159E+05 ,2.149E+05 ,2.158E+05 ,2.07E+05  ,2.537E+05 ,2.978E+03
memcpy_dev_v32_movsb_avx2_v20,rand SPEC2017   ,1       ,0      ,32     ,32768    ,20000  ,32768       ,5.049E+05 ,5.080E+05 ,5.048E+05 ,4.80E+05  ,5.634E+05 ,7.240E+03
memcpy_dev_v32_movsb_avx2_v20,rand SPEC2017   ,1       ,0      ,64     ,32768    ,20000  ,32768       ,5.003E+05 ,4.963E+05 ,5.002E+05 ,4.78E+05  ,5.765E+05 ,7.657E+03
memcpy_dev_v32_movsb_avx2_v20,rand SPEC2017   ,1       ,0      ,65     ,32768    ,20000  ,32768       ,4.987E+05 ,4.947E+05 ,4.986E+05 ,4.77E+05  ,6.371E+05 ,7.536E+03
memcpy_dev_v32_movsb_avx2_v20,rand SPEC2017   ,1       ,0      ,128    ,32768    ,20000  ,32768       ,5.125E+05 ,5.150E+05 ,5.125E+05 ,4.88E+05  ,6.789E+05 ,8.231E+03
memcpy_dev_v32_movsb_avx2_v20,rand SPEC2017   ,1       ,0      ,256    ,32768    ,20000  ,32768       ,5.460E+05 ,5.493E+05 ,5.459E+05 ,5.20E+05  ,5.971E+05 ,8.347E+03
memcpy_dev_v32_movsb_avx2_v20,rand SPEC2017   ,1       ,32     ,-1     ,32768    ,20000  ,32768       ,5.988E+05 ,5.980E+05 ,5.988E+05 ,5.65E+05  ,6.627E+05 ,4.265E+03
memcpy_dev_v32_movsb_avx2_v20,rand SPEC2017   ,1       ,33     ,-1     ,8192     ,80000  ,8192        ,2.093E+05 ,2.092E+05 ,2.093E+05 ,2.02E+05  ,3.046E+05 ,1.352E+03
memcpy_dev_v32_movsb_avx2_v20,rand SPEC2017   ,1       ,64     ,-1     ,8192     ,80000  ,8192        ,2.105E+05 ,2.104E+05 ,2.105E+05 ,1.98E+05  ,2.617E+05 ,1.066E+03
memcpy_dev_v32_movsb_avx2_v20,rand SPEC2017   ,1       ,65     ,-1     ,8192     ,80000  ,8192        ,2.115E+05 ,2.111E+05 ,2.112E+05 ,1.98E+05  ,1.716E+07 ,6.321E+04
