Memcpy 8

1.351
1.334
1.351
1.35
1.001
1.0
0.996
0.998
0.997
0.999
0.997
0.999
1.001
1.001
0.999
1.001
1.002
1.001
1.001
0.999
1.248
1.246
1.246
1.247
1.247
1.246
1.249
1.245
1.25
1.249
1.25
1.249
1.25
1.249
1.249
1.25
0.891
0.891
0.889
0.889
0.889
0.888
0.889
0.89
0.889
0.89
0.89
0.889
0.89
0.89
0.89
0.889
0.923
0.919
0.919
0.918
0.919
0.917
0.918
0.918
0.923
0.924
0.924
0.922
0.924
0.923
0.923
0.923
0.967
0.986
0.987
0.986
0.986
0.989
0.988
0.966
1.145
1.296
1.297
1.334
1.331
1.328
1.144
1.173
0.892
1.001
0.992
0.991
0.971
0.965
0.989
0.974
0.718
0.83
0.718
0.834
0.834
0.811
0.814
0.833
0.991
0.988
0.823
0.818
0.843
0.907
1.098
1.096
0.865
0.89
0.8
0.8
0.801
0.864
0.801
0.888
0.946
0.944
1.186
1.187
0.981
0.981
1.117
1.116
0.75
0.749
0.751
0.749
1.028
1.0
1.0
1.0
0.919
0.972
1.062
1.048
1.085
0.986
0.955
0.896
0.822
0.911
0.816
0.858
0.87
0.944
0.834
0.927
0.905
1.0
1.069
0.998
1.014
1.022
0.963
0.98
0.809
1.0
0.846
1.007
0.857
0.973
0.858
0.985
1.014
0.999
1.04
0.905
1.002
1.029
1.0
0.979
1.008
1.028
0.966
1.04
1.004
0.985
1.0
0.986
0.977
1.027
1.004
0.924
1.007
1.021
1.018
0.986
0.977
1.002
1.003
1.047
0.978
0.986
1.013
0.984
1.007
1.033
0.994
1.02
1.034
1.04
0.675
0.654
1.014
0.996
0.996
1.02
0.677
0.69
0.655
0.645
1.021
0.976
1.05
1.073
0.999
0.985
0.612
0.619
0.998
0.982
1.041
1.037
0.592
0.604
0.59
0.595
1.023
1.035
0.981
1.008
1.003
0.998
0.881
0.892
1.026
1.054
1.004
1.027
0.834
0.83
0.88
0.88
1.037
1.023
1.014
1.026
1.01
1.024
0.895
0.884
1.015
1.02
1.009
1.047
0.877
0.89
0.88
0.892
1.154
1.154
1.154
1.154
1.351
1.353
1.35
1.349
1.352
1.35
1.349
1.352
1.002
1.002
1.0
1.028
1.0
1.001
0.786
0.563
0.977
0.999
1.0
0.997
1.0
1.001
1.001
1.001
1.0
0.892
1.251
1.25
1.246
1.249
1.248
1.248
1.006
1.013
1.247
1.249
1.25
1.246
1.248
1.249
1.251
1.251
1.046
0.837
1.246
1.282
1.248
1.25
1.249
1.248
1.252
1.248
1.046
0.842
1.246
1.248
1.251
1.247
1.247
1.251
1.283
1.248
1.054
0.892
0.888
0.89
0.891
0.889
0.89
0.887
1.002
1.0
0.89
0.89
0.889
0.868
0.889
0.887
0.891
0.889
1.04
0.846
0.889
0.889
0.888
0.87
0.89
0.889
0.912
0.889
1.052
0.843
0.89
0.888
0.889
0.89
0.889
0.889
0.889
0.889
1.046
0.843
0.888
0.888
0.888
0.888
0.888
0.888
0.888
0.888
1.045
0.846
0.889
0.889
0.888
0.888
0.91
0.889
0.889
0.89
1.046
0.846
0.89
0.888
0.89
0.889
0.888
0.89
0.889
0.89
1.045
0.846
0.891
0.887
0.889
0.843
0.889
0.889
0.889
0.89
1.016
0.892
0.922
0.922
0.921
0.923
0.923
0.923
1.118
1.0
0.92
0.923
0.923
0.918
0.923
0.924
0.923
0.923
1.016
1.0
0.922
0.924
0.923
0.922
0.923
0.923
0.925
0.925
1.0
1.023
0.923
0.922
0.923
0.921
0.924
0.925
0.924
0.923
1.0
1.0
0.92
0.923
0.923
0.925
0.924
0.923
0.922
0.923
1.0
1.0
0.92
0.924
0.923
0.92
0.923
0.922
0.923
0.924
1.0
1.0
0.894
0.922
0.923
0.921
0.924
0.922
0.923
0.923
1.026
1.0
0.921
0.922
0.923
0.92
0.923
0.924
0.922
0.924
1.0
1.0
0.921
0.923
0.923
0.92
0.924
0.923
0.923
0.925
1.001
1.0
0.919
0.922
0.925
0.919
0.924
0.925
0.923
0.922
1.0
1.027
0.896
0.922
0.923
0.92
0.922
0.923
0.924
0.922
1.0
1.0
0.924
0.922
0.923
0.92
0.925
0.925
0.924
0.901
1.0
1.0
0.918
0.924
0.923
0.918
0.923
0.923
0.923
0.922
1.0
1.0
0.92
0.923
0.922
0.919
0.924
0.923
0.923
0.925
1.0
1.0
0.922
0.924
0.922
0.921
0.923
0.923
0.923
0.923
1.0
1.0
0.919
0.923
0.924
0.922
0.922
0.924
0.925
0.923
0.978
1.0
0.987
0.984
0.987
0.983
0.985
0.982
0.985
0.984
0.792
0.835
0.813
0.808
0.831
0.83
0.716
0.836
1.036
1.032
0.955
0.957
0.976
0.961
1.059
1.062
0.888
0.888
0.888
0.888
0.889
0.89
0.889
0.888
1.015
1.002
1.028
1.035
1.071
1.197
0.976
0.975
0.888
0.889
0.866
0.865
0.865
0.889
0.889
0.889
1.0
1.001
0.994
0.994
0.935
0.94
1.05
1.271
0.887
0.888
0.888
0.89
0.865
0.889
0.89
0.888
1.115
1.146
0.868
0.892
1.297
1.16
1.105
1.106
0.916
0.917
0.917
0.917
1.0
0.999
1.0
1.0
1.003
1.002
1.061
1.032
0.976
0.96
0.983
0.983
0.75
0.751
0.75
0.751
1.0
1.0
1.0
1.0
1.12
1.12
0.999
0.986
1.024
1.024
0.965
0.975
0.916
0.917
0.917
0.916
1.0
1.0
0.973
1.028
0.833
0.833
1.021
0.993
0.895
0.896
1.183
1.222
0.75
0.75
0.751
0.75
1.0
1.0
1.0
1.0
1.033
1.074
1.017
1.018
1.067
1.075
1.148
1.148
0.916
0.917
0.916
0.917
1.0
1.0
1.0
1.0
0.884
0.881
1.049
1.049
0.88
0.937
0.98
0.953
0.75
0.751
0.749
0.751
1.0
1.0
1.0
0.999
1.01
0.982
1.05
1.05
1.062
1.056
1.003
1.003
0.916
0.916
0.916
0.917
1.0
0.999
1.0
1.0
0.946
1.023
1.0
1.095
0.924
0.953
1.144
1.146
0.777
0.973
0.778
0.974
0.999
1.0
0.97
1.0
0.776
0.705
0.981
0.706
0.993
0.956
1.145
1.145
0.777
0.824
0.777
0.824
0.944
1.0
0.942
1.0
1.179
1.608
0.937
0.887
0.962
1.019
1.231
1.176
0.945
1.0
0.941
1.057
0.944
1.0
0.918
1.0
1.003
1.006
0.937
0.921
0.967
1.051
1.215
1.185
0.943
0.999
0.943
1.0
0.942
1.0
0.945
1.0
1.11
1.332
0.955
1.032
0.984
1.102
1.125
1.255
0.917
1.028
0.883
1.0
0.942
1.0
0.918
1.029
1.0
1.051
0.97
0.949
0.973
1.046
1.032
1.256
0.942
1.0
0.895
1.0
0.943
1.0
0.893
1.0
1.061
1.384
1.012
0.889
0.918
1.191
0.952
0.913
0.894
1.0
0.944
1.0
0.941
1.0
0.896
1.0
1.007
0.956
1.139
1.142
1.097
1.074
0.963
0.887
0.895
1.0
0.942
1.029
0.894
1.0
0.943
1.0
1.017
1.087
1.11
1.267
0.96
1.093
1.139
1.144
0.943
1.0
0.972
1.0
0.834
0.959
0.833
0.948
0.998
0.745
0.972
0.857
0.956
0.948
1.139
1.112
0.945
0.804
0.945
0.825
0.87
0.943
0.834
0.952
1.153
1.486
0.822
0.909
0.972
0.989
1.084
1.083
0.833
0.972
0.834
0.973
0.917
0.981
0.834
0.952
0.979
1.024
0.828
0.889
0.917
0.973
1.054
1.048
0.81
0.927
0.805
0.86
0.87
0.952
0.834
0.944
1.08
1.245
0.981
0.914
0.957
1.174
1.111
1.096
0.834
0.949
0.825
0.941
0.835
0.948
0.834
0.952
0.919
0.985
0.882
0.939
0.898
0.96
1.11
1.127
0.827
0.899
0.814
0.928
0.9
0.974
0.836
0.943
1.071
1.325
0.989
0.872
1.01
1.159
0.955
0.896
0.834
0.944
0.81
0.942
0.834
0.953
0.834
0.94
0.908
1.003
0.905
1.0
0.905
1.001
0.81
1.0
0.81
1.0
0.81
1.0
0.905
0.916
0.976
0.646
1.163
1.334
0.992
0.994
0.791
0.92
0.821
0.862
0.942
0.972
0.911
1.0
0.932
1.015
1.113
0.881
1.127
1.315
0.981
1.025
0.846
1.028
0.867
1.058
0.911
1.003
0.891
1.054
0.924
1.002
1.022
0.76
1.142
1.297
1.0
1.0
0.86
1.0
0.867
0.976
0.893
0.994
0.911
1.0
0.902
1.006
1.094
0.941
1.097
1.305
0.978
1.024
0.826
1.029
0.885
1.039
0.886
1.017
0.896
1.025
0.919
0.935
0.978
0.667
1.136
1.342
1.0
1.0
0.845
0.905
0.862
0.899
0.919
0.999
0.918
1.028
0.929
1.008
1.143
0.906
1.113
1.361
0.997
1.026
0.857
1.029
0.924
1.047
0.933
0.994
0.916
1.023
0.906
1.024
1.02
0.77
1.133
1.344
0.989
0.995
0.856
1.028
0.908
0.98
0.906
1.001
0.917
1.0
0.905
0.995
1.094
0.916
1.139
1.339
0.971
1.023
0.856
1.029
0.897
1.029
0.917
1.023
0.917
1.023
0.896
0.915
1.0
0.663
1.098
1.351
1.0
1.007
0.857
0.926
0.892
0.898
0.942
0.988
0.961
0.999
0.941
1.028
1.187
0.894
1.035
1.312
0.993
1.029
0.902
1.0
0.947
1.027
0.949
1.019
0.972
1.008
0.968
1.0
1.04
0.749
1.115
1.344
1.014
1.001
0.901
1.0
0.941
0.988
0.959
1.015
0.941
0.998
0.94
0.999
1.125
0.903
1.072
1.309
1.007
1.029
0.901
1.028
0.941
1.023
0.973
1.008
0.961
1.02
0.939
0.918
1.054
0.665
1.083
1.366
0.971
0.986
0.902
0.92
0.979
0.871
0.964
1.0
0.964
1.0
0.944
1.0
1.026
0.836
1.064
1.409
1.0
1.018
0.909
1.0
0.946
1.0
0.963
1.019
0.964
1.019
0.945
0.999
1.032
0.736
1.105
1.401
0.99
0.998
0.909
1.028
0.936
0.965
0.962
0.999
0.963
1.0
0.945
0.988
1.12
0.857
1.08
1.38
1.0
1.019
0.909
1.0
0.981
1.027
0.964
1.019
0.964
1.019
0.98
0.928
1.003
0.653
1.084
1.429
0.975
0.985
0.909
0.925
0.936
0.907
0.983
0.991
0.982
1.0
0.966
0.999
1.029
0.838
1.079
1.444
1.025
1.027
0.93
1.028
0.931
0.982
0.987
1.012
0.983
1.018
0.964
1.0
1.034
0.725
1.095
1.411
0.998
1.02
0.931
1.0
0.957
0.979
0.982
0.987
0.983
1.0
0.966
0.989
1.078
0.844
1.078
1.362
0.999
1.046
0.93
1.0
0.931
0.982
0.983
1.006
0.983
1.018
0.953
0.928
0.999
0.636
1.101
1.392
0.987
1.015
0.931
0.958
0.957
0.922
1.0
0.999
1.0
1.0
1.0
1.0
1.054
0.866
1.076
1.405
0.977
1.018
0.967
1.0
0.971
0.985
1.0
1.011
1.0
1.017
1.0
1.0
1.036
0.705
1.107
1.402
1.001
0.993
0.967
1.0
0.982
0.971
1.0
0.99
1.016
1.0
0.998
0.99
1.049
0.82
1.1
1.407
1.001
1.018
0.978
1.0
0.939
1.012
0.999
1.017
1.0
1.017
0.994
0.927
1.02
0.615
1.103
1.423
0.971
0.986
0.977
0.936
0.979
0.915
0.998
1.0
1.001
1.0
0.997
1.0
1.089
0.835
1.074
1.448
1.013
1.03
0.983
1.0
1.0
0.984
0.998
1.017
0.997
1.016
0.998
1.028
1.014
0.703
1.087
1.418
0.995
0.996
0.983
1.0
0.987
0.963
0.987
1.019
0.999
1.0
1.0
1.001
1.045
0.8
1.076
1.511
0.999
1.014
0.946
0.972
0.991
1.012
0.991
1.007
0.999
1.016
1.029
0.939
0.997
0.626
1.06
1.45
0.999
1.001
0.958
0.939
0.976
0.937
0.997
1.01
0.999
1.0
1.027
1.003
1.043
0.807
1.089
1.406
1.007
0.995
1.009
1.0
0.99
0.996
0.999
1.012
0.999
1.014
1.009
1.027
1.01
0.679
1.104
1.444
0.99
0.99
1.027
1.028
1.004
1.025
1.022
1.015
0.999
0.999
0.944
1.03
1.066
0.93
1.013
0.98
0.966
1.011
1.0
1.0
1.024
0.896
1.034
1.034
0.979
0.986
1.007
1.002
0.977
1.023
0.997
0.854
1.013
0.989
1.0
1.02
1.067
0.871
0.999
1.031
1.0
0.983
1.012
1.031
1.061
0.926
1.036
0.876
1.0
0.974
1.049
0.895
0.988
1.017
1.033
1.045
1.014
0.888
1.0
1.028
1.038
0.893
1.003
1.068
0.975
0.961
1.0
0.991
0.983
0.996
0.996
0.991
0.994
0.976
1.032
0.889
0.983
0.99
0.974
0.95
1.006
1.001
0.999
1.0
1.05
0.881
0.972
1.07
0.998
0.98
0.999
1.03
1.066
1.045
1.059
0.988
0.992
0.981
0.996
0.902
0.998
1.036
1.09
1.048
1.045
1.012
1.0
1.0
1.035
0.877
0.978
1.043
0.982
0.973
0.993
1.0
0.987
1.008
1.029
0.985
1.0
0.988
1.052
0.887
0.975
1.001
0.999
1.015
1.127
1.001
1.006
1.0
1.047
0.856
1.025
1.098
0.999
0.982
0.999
1.0
0.981
1.009
1.016
0.994
1.0
0.988
1.029
0.872
0.999
1.057
0.996
1.0
1.065
1.018
1.004
0.999
0.99
0.847
1.042
1.042
1.002
0.976
1.003
1.012
0.993
1.001
1.017
1.005
1.016
0.985
1.051
0.856
0.998
0.96
0.982
0.993
1.082
1.036
0.998
0.998
1.057
0.888
0.999
1.072
0.998
0.983
1.0
1.012
0.989
1.005
0.993
1.0
0.999
0.989
1.055
0.876
0.999
1.026
0.993
0.964
1.072
1.074
1.0
0.999
1.035
0.862
1.024
1.045
0.983
0.978
0.999
1.0
0.997
0.999
0.997
1.021
0.999
0.991
1.023
0.879
0.981
1.012
1.003
1.03
1.064
1.072
0.999
1.006
1.05
0.869
1.008
1.093
0.998
0.981
1.0
1.0
0.944
0.974
0.99
0.991
1.0
0.989
1.038
0.851
1.006
1.058
0.98
0.973
1.043
1.063
1.0
0.999
1.031
0.867
1.008
1.081
0.987
0.972
1.0
1.0
0.98
0.973
1.004
1.036
1.0
0.99
1.018
0.872
1.032
0.994
0.974
1.017
1.005
1.038
0.999
1.0
1.034
0.861
1.036
1.069
0.998
0.983
1.0
1.0
0.962
1.02
0.997
0.956
0.998
0.981
1.027
0.865
1.036
1.044
0.976
1.007
1.052
0.967
0.998
0.999
1.032
0.873
1.007
1.084
0.985
0.98
0.995
0.99
1.008
1.01
1.004
1.047
0.995
0.993
1.019
0.864
0.979
1.013
0.973
1.0
1.002
0.983
0.999
0.999
1.042
0.845
1.031
1.073
0.999
0.987
1.002
1.004
1.028
1.0
1.028
1.01
1.007
0.99
1.066
0.871
1.028
1.066
1.011
1.018
1.027
0.99
1.0
0.999
0.982
0.875
1.028
1.077
0.988
0.986
1.004
1.013
1.005
1.01
0.973
1.018
1.012
0.995
1.039
0.875
1.022
1.005
1.002
0.975
1.022
0.993
0.997
0.999
1.045
0.866
0.999
1.054
0.998
0.981
0.998
1.001
1.004
1.005
0.995
0.979
1.012
1.004
1.014
0.86
1.022
1.035
0.973
1.009
1.027
0.991
1.0
1.0
1.02
0.88
1.051
1.132
0.988
0.98
1.0
1.0
1.008
1.031
0.977
0.99
1.028
0.994
1.04
0.876
0.984
1.016
0.998
0.984
1.004
0.994
0.995
0.996
1.054
0.861
1.058
1.085
0.999
0.985
1.0
1.0
0.993
1.033
0.978
1.019
1.001
0.992
1.059
0.858
1.045
1.063
0.966
0.988
1.004
0.995
0.998
0.999
1.013
0.868
1.053
1.104
0.948
0.979
0.998
1.003
0.989
1.017
1.072
1.023
1.009
0.994
1.069
0.874
1.012
1.027
0.998
0.971
1.042
1.025
0.997
0.997
1.065
0.859
1.039
1.082
1.0
0.988
1.001
1.004
1.04
1.044
0.988
1.025
1.009
0.994
1.03
0.855
1.042
1.069
0.984
1.022
1.04
0.99
1.0
1.0
1.069
0.871
1.043
1.077
0.99
0.981
1.0
1.0
0.971
0.998
1.069
1.015
1.0
0.991
0.991
0.866
1.015
1.022
1.018
0.996
1.036
1.006
1.0
0.999
1.011
0.862
1.037
1.08
1.0
0.986
0.999
1.0
1.04
0.996
1.012
1.02
0.999
0.991
1.055
0.852
1.048
1.073
1.02
1.022
1.003
1.002
1.0
0.99
1.036
0.87
1.047
1.078
0.994
0.981
1.0
1.0
1.016
1.046
1.033
0.979
1.0
0.991
1.068
0.869
1.014
1.02
1.007
1.003
1.011
1.018
1.0
0.999
1.042
0.856
1.01
1.075
1.004
0.987
0.999
1.0
1.003
1.028
1.026
1.026
0.998
0.991
1.053
0.858
1.011
1.096
1.033
1.021
1.0
0.99
0.999
0.999
1.056
0.868
1.049
1.103
0.994
0.976
0.999
1.0
1.006
1.017
1.028
1.021
1.0
0.991
1.04
0.865
0.998
1.048
1.011
1.002
1.006
0.998
1.0
0.999
1.037
0.841
1.043
1.107
1.0
0.988
1.0
1.0
1.034
0.991
1.028
1.021
1.0
0.991
1.022
0.847
1.049
1.091
1.004
1.017
1.006
1.019
0.999
1.0
1.036
0.866
1.04
1.109
0.991
0.977
1.0
1.0
1.005
1.024
0.994
1.02
0.999
0.992
1.036
0.861
1.013
1.049
0.981
0.999
1.025
1.019
1.0
1.0
1.062
0.848
1.039
1.109
0.999
0.988
1.0
1.0
1.052
1.054
1.028
1.047
1.028
0.991
1.052
0.839
1.008
1.1
1.028
1.017
1.033
1.005
1.0
1.0
1.048
0.843
1.069
1.11
0.993
0.982
1.0
1.0
1.0
0.995
1.005
1.02
1.0
0.992
1.058
0.863
1.011
1.062
1.005
1.016
1.028
1.022
1.027
1.004
1.056
0.849
1.041
1.114
0.999
0.989
1.0
1.0
1.053
1.016
1.032
1.023
0.999
0.992
1.018
0.842
1.008
1.126
1.033
1.02
1.036
0.993
0.916
1.0
1.081
0.856
1.014
1.118
0.929
0.986
0.964
1.0
0.991
1.027
0.976
1.052
0.968
0.992
0.973
0.864
0.985
1.058
0.941
1.013
0.977
1.04
0.966
0.997
0.9
1.003
0.944
0.999
0.961
1.0
0.962
1.0
0.965
1.0
1.061
0.907
1.139
1.33
1.037
1.011
1.06
1.093
1.027
1.017
1.004
1.011
1.0
1.032
0.744
0.752
1.012
1.006
0.998
1.025
0.731
0.765
0.756
0.752
0.746
0.742
0.537
0.544
0.743
0.746
0.749
0.75
1.021
1.02
1.024
0.996
1.027
1.076
0.755
0.752
1.022
0.994
1.017
1.012
0.744
0.788
0.757
0.753
0.749
0.733
0.611
0.61
0.775
0.76
0.771
0.76
1.034
1.0
1.012
1.007
0.999
1.059
0.747
0.757
1.006
0.998
1.017
1.045
0.762
0.791
0.759
0.751
0.794
0.753
0.625
0.626
0.77
0.769
0.792
0.757
1.019
1.013
1.006
1.011
1.026
1.066
0.782
0.754
1.008
1.022
1.017
1.007
0.76
0.772
0.759
0.756
0.775
0.749
0.599
0.629
0.778
0.761
0.78
0.791
1.027
1.025
1.011
1.0
1.009
1.024
0.762
0.755
1.016
1.011
1.013
1.027
0.762
0.755
0.762
0.763
0.732
0.754
0.615
0.628
0.775
0.767
0.776
0.797
1.0
0.995
1.041
1.02
1.002
1.062
0.763
0.761
0.991
0.988
1.027
1.026
0.759
0.756
0.772
0.748
0.781
0.761
0.623
0.63
0.784
0.771
0.791
0.757
1.0
0.995
1.016
0.984
1.004
1.037
0.79
0.764
1.027
0.995
1.02
1.033
0.766
0.771
0.773
0.764
0.755
0.764
0.625
0.619
0.786
0.786
0.794
0.786
1.018
1.002
1.062
1.021
0.99
1.036
0.774
0.769
0.998
1.035
1.016
1.028
0.797
0.783
0.755
0.767
0.781
0.775
0.622
0.621
0.79
0.783
0.77
0.766
1.021
1.034
1.026
1.041
1.014
1.035
0.803
0.759
1.01
1.018
1.024
1.014
0.77
0.793
0.777
0.776
0.765
0.746
0.622
0.622
0.783
0.765
0.787
0.788
1.0
0.995
0.986
1.004
1.038
1.064
0.778
0.772
0.99
1.0
1.005
1.005
0.773
0.798
0.78
0.772
0.778
0.772
0.618
0.602
0.799
0.789
0.779
0.777
1.005
0.998
1.021
1.015
1.0
1.024
0.711
0.704
0.991
1.027
1.032
1.036
0.704
0.716
0.712
0.715
0.77
0.773
0.627
0.634
0.798
0.792
0.719
0.705
0.997
0.992
1.005
0.964
1.018
1.042
0.72
0.718
0.984
1.015
1.057
1.05
0.71
0.723
0.705
0.713
0.709
0.693
0.625
0.626
0.723
0.722
0.716
0.708
1.0
1.006
1.001
0.99
0.998
1.041
0.745
0.732
1.003
1.0
1.025
1.061
0.74
0.741
0.725
0.725
0.74
0.715
0.587
0.609
0.718
0.717
0.739
0.756
0.976
0.988
1.015
0.99
1.046
1.033
0.73
0.725
0.986
0.995
1.017
0.998
0.748
0.765
0.731
0.753
0.73
0.721
0.592
0.614
0.743
0.74
0.752
0.726
0.995
0.99
1.025
0.975
1.035
1.01
0.709
0.714
1.0
0.984
1.027
1.071
0.728
0.729
0.71
0.719
0.726
0.726
0.601
0.599
0.707
0.722
0.733
0.73
0.995
0.991
1.021
1.0
0.999
1.009
0.719
0.714
1.01
0.99
1.021
0.999
0.72
0.719
0.721
0.714
0.712
0.71
0.604
0.61
0.729
0.73
0.737
0.734
2552.123999999996
