1.394
1.427
1.447
1.428
1.408
1.407
1.412
1.415
1.421
1.422
1.115
1.054
1.062
0.928
0.956
1.102
1.069
1.012
1.126
1.149
1.119
1.142
1.087
0.999
1.11
1.109
1.14
1.124
1.076
1.125
1.091
1.145
1.265
1.248
1.247
1.248
1.25
1.249
1.247
1.247
1.25
1.249
1.247
1.248
1.246
1.249
1.233
1.25
1.249
1.25
1.249
1.249
1.249
1.249
0.891
0.878
0.889
0.89
0.89
0.889
0.888
0.889
0.889
0.889
0.891
0.889
0.889
0.889
0.877
0.889
0.89
0.889
0.888
0.888
0.888
0.889
0.942
0.94
0.943
0.942
1.001
1.0
0.944
0.942
1.0
1.0
0.944
0.954
0.946
0.943
1.0
1.001
1.001
1.0
1.0
1.0
1.001
1.0
0.987
0.988
0.989
0.988
1.331
1.332
0.988
0.986
1.331
1.314
0.989
0.987
0.746
0.759
1.332
1.313
1.332
1.334
1.329
1.331
1.332
1.331
0.983
0.996
0.987
0.993
0.962
1.0
0.964
0.963
0.852
0.865
1.0
1.0
1.003
1.004
0.822
0.834
0.835
0.835
0.833
0.834
0.834
0.835
0.991
0.993
0.835
0.824
1.099
1.084
0.92
0.931
0.963
0.948
1.096
1.094
0.94
0.941
0.89
0.89
0.89
0.887
0.878
0.877
0.912
0.877
0.946
0.932
1.187
1.17
1.242
1.242
0.981
0.981
0.939
0.939
1.109
1.094
1.162
1.229
0.73
0.731
0.74
0.75
1.0
1.0
1.0
1.0
0.925
1.01
1.052
1.077
0.985
0.954
1.007
0.916
1.071
0.943
0.98
0.909
1.056
1.127
0.847
0.914
0.824
0.911
0.877
0.943
0.834
0.938
0.905
1.0
1.021
0.947
0.952
0.83
1.027
1.039
1.154
1.336
0.944
0.98
0.961
1.01
0.81
1.0
0.853
1.009
0.857
0.973
0.905
0.974
0.993
0.974
1.05
0.885
0.993
0.766
1.004
1.029
1.094
1.399
0.999
0.977
0.999
1.014
0.972
0.973
0.951
1.035
0.998
0.971
0.999
0.985
0.945
0.997
0.973
0.901
0.969
0.865
0.992
1.004
1.048
1.494
0.97
0.963
0.995
1.285
0.96
1.0
0.969
0.99
1.015
0.963
0.978
0.965
1.009
1.001
1.01
1.003
1.012
1.009
1.02
1.018
0.996
0.98
0.658
0.672
0.678
0.675
1.017
1.011
1.013
1.005
0.675
0.672
0.674
0.673
0.993
0.986
1.001
1.007
1.01
1.006
0.99
0.982
0.987
0.97
0.628
0.627
0.651
0.651
1.017
1.022
1.006
0.987
0.602
0.593
0.607
0.607
0.996
1.004
0.982
1.001
1.01
1.005
1.0
1.016
0.998
0.999
0.866
0.861
0.869
0.858
0.998
1.012
1.0
0.998
0.839
0.845
0.864
0.856
0.978
0.99
0.97
0.982
0.97
0.976
0.989
0.99
0.988
0.991
0.855
0.864
0.851
0.862
0.987
0.979
0.971
0.993
0.858
0.859
0.856
0.853
1.282
1.28
1.252
1.25
1.43
1.462
1.445
1.428
1.427
1.446
1.447
1.428
1.001
1.11
1.12
1.095
1.095
1.127
0.772
0.579
1.106
1.123
1.064
1.12
1.001
1.003
1.111
1.124
1.0
0.892
1.234
1.233
1.245
1.249
1.249
1.249
0.986
0.987
1.231
1.248
1.249
1.247
1.249
1.249
1.25
1.249
1.045
0.844
1.246
1.249
1.249
1.246
1.25
1.25
1.25
1.249
1.018
0.824
1.218
1.218
1.249
1.245
1.251
1.251
1.251
1.249
1.027
0.892
0.867
0.878
0.891
0.889
0.889
0.889
1.019
1.021
0.89
0.889
0.889
0.892
0.889
0.889
0.889
0.889
1.046
0.843
0.891
0.89
0.889
0.89
0.889
0.888
0.889
0.889
1.045
0.865
0.89
0.889
0.889
0.891
0.89
0.889
0.89
0.888
1.045
0.834
0.89
0.889
0.889
0.889
0.889
0.89
0.889
0.889
1.046
0.845
0.867
0.867
0.866
0.879
0.877
0.877
0.878
0.878
1.045
0.846
0.869
0.878
0.878
0.878
0.878
0.889
0.89
0.89
1.046
0.856
0.891
0.889
0.877
0.889
0.89
0.89
0.89
0.89
1.015
0.892
1.001
1.001
0.94
1.0
0.999
1.0
1.13
0.974
0.941
0.988
0.975
0.934
0.999
0.998
0.999
0.999
0.987
1.0
0.939
0.976
0.975
0.926
0.976
0.974
0.975
0.974
0.974
1.0
0.94
0.999
1.0
0.943
0.988
0.988
1.0
0.999
1.0
1.0
0.942
0.999
0.999
0.943
0.999
1.0
1.001
1.0
1.0
1.0
0.941
1.0
1.0
0.941
0.999
1.0
1.0
0.999
1.0
1.0
0.937
0.999
1.0
0.941
1.0
0.999
1.0
0.999
1.0
1.0
0.939
1.0
1.0
0.941
0.999
1.0
1.0
1.0
1.0
1.0
0.94
1.0
1.0
0.942
1.0
0.999
0.999
0.999
1.0
1.0
0.937
0.999
1.001
0.941
0.986
0.987
0.999
0.999
1.0
1.0
0.942
0.999
0.999
0.927
0.999
0.987
0.999
0.999
1.0
1.0
0.938
1.0
0.999
0.941
0.998
0.999
1.0
0.999
1.0
1.0
0.939
0.999
1.0
0.941
1.0
0.999
1.0
0.999
1.0
1.0
0.943
1.0
1.0
0.931
0.987
0.987
0.987
1.0
1.0
1.0
0.94
0.999
1.0
0.939
1.0
0.999
1.0
0.999
1.0
1.0
0.934
1.0
1.0
0.942
0.999
1.0
1.0
1.0
0.978
1.0
0.988
0.985
0.985
0.986
0.987
0.985
0.985
0.986
0.761
0.836
0.823
0.833
0.823
0.833
0.771
0.761
1.034
1.027
0.955
0.955
0.974
0.947
1.043
1.04
0.878
0.876
0.878
0.877
0.889
0.888
0.889
0.876
0.951
0.97
1.017
1.034
1.043
1.042
0.96
0.962
0.888
0.887
0.887
0.888
0.876
0.886
0.877
0.89
1.028
1.02
1.015
1.0
0.918
0.921
1.045
1.049
0.89
0.889
0.889
0.89
0.889
0.891
0.89
0.889
1.115
1.099
0.868
0.893
1.189
1.187
1.105
1.1
0.916
0.916
0.916
0.916
0.973
1.0
1.0
1.0
1.001
1.0
1.062
1.061
0.97
0.959
0.971
0.97
0.73
0.73
0.731
0.73
1.0
1.0
1.0
1.0
1.116
1.119
0.984
0.984
1.023
1.024
0.964
0.974
0.916
0.916
0.916
0.917
1.0
1.0
1.0
1.0
0.831
0.832
0.993
0.993
0.893
0.895
1.191
1.214
0.75
0.75
0.75
0.75
1.0
1.0
1.0
1.0
1.06
1.068
1.014
1.016
1.045
1.083
1.166
1.175
0.916
0.917
0.916
0.916
1.0
1.0
1.0
1.0
0.882
0.883
1.048
1.049
0.892
0.915
0.979
0.98
0.75
0.75
0.751
0.751
1.0
1.0
1.0
1.0
0.982
0.982
1.05
1.05
1.062
1.062
1.002
1.002
0.916
0.917
0.916
0.917
1.0
1.0
1.0
1.0
0.946
1.029
1.094
1.143
0.87
0.897
1.071
1.073
0.777
1.035
0.82
1.035
0.959
1.014
0.997
1.014
0.776
0.714
1.11
0.771
0.971
0.94
1.072
1.073
0.776
0.823
0.777
0.823
1.011
1.014
0.972
1.014
0.921
1.256
1.006
0.98
0.927
1.047
0.993
0.949
0.958
1.056
0.958
1.014
0.958
1.014
0.959
1.015
1.004
0.976
1.023
1.0
0.955
1.002
0.981
0.956
0.958
1.014
0.979
1.014
0.958
1.014
0.956
1.014
1.023
1.228
0.897
0.97
0.894
1.042
1.104
1.118
0.958
1.015
0.958
1.015
0.958
1.053
0.959
1.014
1.081
1.103
0.979
0.955
1.075
1.143
1.102
1.12
0.959
1.014
0.957
1.014
0.978
1.014
0.958
1.015
1.101
1.411
1.036
0.898
1.016
1.318
0.999
0.908
0.956
1.015
0.958
1.015
0.958
1.029
0.956
1.014
0.998
1.015
1.141
1.177
1.088
1.02
0.995
0.904
0.958
1.015
0.958
1.044
0.986
1.043
0.973
1.045
1.035
1.081
1.18
1.332
0.895
1.008
1.155
1.161
0.972
1.015
0.965
1.021
0.874
0.993
0.834
0.948
0.959
0.733
1.074
0.829
1.002
1.015
1.157
1.16
0.958
0.815
0.958
0.817
0.877
0.963
0.838
0.948
1.05
1.36
0.875
0.968
1.0
1.085
0.986
0.954
0.834
0.948
0.834
0.948
0.835
0.946
0.834
0.942
0.937
1.019
1.009
1.105
0.962
1.02
0.974
0.968
0.848
0.925
0.813
0.885
0.869
0.944
0.834
0.94
1.022
1.178
1.056
0.967
1.082
1.344
1.033
1.038
0.834
0.947
0.831
0.94
0.834
0.953
0.843
0.949
1.028
1.099
0.97
1.023
0.996
1.061
1.046
1.038
0.851
0.947
0.813
0.926
0.869
0.958
0.846
0.949
1.022
1.259
1.033
0.899
1.003
1.133
0.98
0.909
0.847
0.945
0.832
0.942
0.842
0.95
0.834
0.933
0.925
1.0
0.905
1.0
0.905
1.0
0.81
1.0
0.81
1.0
0.81
1.0
0.905
0.911
1.053
0.716
1.14
1.285
0.977
0.99
0.8
0.894
0.857
0.9
0.924
0.999
0.941
1.0
0.94
1.014
1.029
0.855
1.163
1.354
1.0
1.023
0.835
1.001
0.9
1.045
0.911
1.052
0.937
1.054
0.937
1.004
1.067
0.814
1.182
1.328
0.999
1.0
0.843
0.972
0.892
1.001
0.911
0.982
0.91
1.016
0.908
1.013
0.983
0.827
1.166
1.331
0.999
1.023
0.824
0.986
0.855
1.006
0.911
1.054
0.924
1.039
0.914
0.935
1.066
0.716
1.119
1.304
0.999
0.999
0.845
0.88
0.897
0.915
0.999
1.003
0.986
1.0
0.974
1.0
0.99
0.748
1.088
1.326
0.999
1.031
0.833
0.977
0.875
1.003
0.931
1.047
0.933
1.042
0.877
0.993
1.054
0.794
1.154
1.306
0.998
1.004
0.857
0.975
0.91
1.0
0.919
1.019
0.918
0.976
0.905
0.968
0.972
0.812
1.17
1.384
0.995
1.033
0.857
0.999
0.879
1.005
0.918
1.019
0.919
1.023
0.896
0.916
1.056
0.701
1.087
1.307
0.993
1.004
0.881
0.888
0.902
0.909
0.995
0.999
0.979
0.986
0.958
1.0
1.024
0.781
1.102
1.384
1.014
1.042
0.902
0.986
0.946
1.013
0.988
1.038
0.961
1.021
0.941
1.0
1.119
0.77
1.104
1.311
0.994
0.986
0.902
0.972
0.921
0.979
0.974
0.999
0.979
0.996
0.941
1.021
1.029
0.805
1.148
1.364
1.004
1.026
0.902
0.972
0.958
1.001
0.974
1.02
0.961
1.02
0.94
0.903
1.083
0.71
1.112
1.373
1.0
1.018
0.925
0.895
0.94
0.891
0.986
1.001
0.998
1.0
0.945
0.972
0.98
0.781
1.037
1.369
0.986
1.008
0.909
0.989
0.923
0.999
0.964
1.013
0.967
1.019
0.949
0.986
1.036
0.739
1.156
1.405
0.989
0.998
0.909
0.974
0.927
0.962
0.998
1.0
0.964
1.0
0.945
1.013
0.968
0.76
1.094
1.37
0.986
1.018
0.896
1.0
0.914
0.985
0.964
1.019
0.964
1.019
0.981
0.928
1.037
0.664
1.102
1.389
0.999
1.008
0.925
0.926
0.931
0.899
0.982
0.983
0.991
1.0
1.0
0.992
0.98
0.79
1.06
1.375
0.998
0.998
0.934
0.999
0.949
0.989
0.998
1.012
0.997
1.017
0.971
0.982
1.033
0.718
1.114
1.39
1.0
1.0
0.937
1.008
0.933
0.943
0.983
0.987
0.982
0.999
0.966
0.998
0.987
0.76
1.087
1.37
0.995
1.013
0.931
0.999
0.945
0.997
0.997
1.012
0.999
1.017
1.0
0.93
1.033
0.658
1.122
1.366
0.977
1.0
0.931
0.918
0.934
0.885
1.0
0.997
1.0
1.0
1.0
0.999
0.958
0.769
1.076
1.387
0.993
0.997
0.967
0.999
0.974
0.99
1.0
1.009
0.999
1.016
0.999
0.98
1.018
0.72
1.109
1.377
0.977
0.98
0.966
1.0
0.966
0.947
0.999
0.998
1.0
1.0
0.996
0.999
0.964
0.763
1.088
1.388
0.983
1.0
0.961
0.972
0.978
0.987
0.999
1.015
1.0
1.002
0.982
0.915
1.028
0.665
1.122
1.391
0.973
1.0
0.974
0.93
0.966
0.898
1.0
0.999
1.0
1.0
0.999
1.0
0.943
0.783
1.059
1.395
0.947
0.994
0.99
1.0
1.008
1.0
0.998
1.01
0.999
1.016
1.0
0.999
1.027
0.722
1.115
1.391
0.973
0.99
0.984
1.0
0.969
0.953
0.998
0.998
1.0
1.0
1.0
0.999
0.993
0.761
1.097
1.408
0.972
1.012
1.003
0.999
1.023
1.004
0.997
1.019
1.0
1.015
1.0
0.94
1.029
0.658
1.13
1.398
0.972
0.984
0.968
0.93
0.969
0.901
1.0
0.999
1.0
1.0
0.999
0.999
0.986
0.788
1.091
1.388
0.969
0.996
0.998
1.0
0.998
1.015
1.004
1.015
0.999
1.015
0.999
0.999
1.038
0.7
1.129
1.409
0.962
0.985
0.999
0.99
0.994
1.029
0.986
0.994
1.0
1.0
0.994
0.981
0.996
1.031
0.978
0.987
0.986
1.025
1.038
0.892
0.995
0.869
1.191
1.407
0.998
0.985
0.954
1.029
0.981
0.975
1.005
0.887
0.959
0.815
1.037
1.043
1.091
1.404
0.986
0.985
1.0
1.0
1.0
0.993
0.971
1.027
0.999
0.853
1.012
0.985
0.974
0.957
1.012
1.039
0.998
0.999
1.046
0.882
0.99
0.759
0.998
1.028
1.096
1.393
0.976
0.982
0.992
1.007
1.011
1.002
1.066
0.913
1.036
0.886
0.995
0.975
1.026
0.879
1.046
1.059
1.013
0.777
1.156
1.471
0.994
0.999
1.061
0.927
1.0
0.986
1.011
0.873
0.959
0.787
1.031
1.042
1.087
1.41
0.966
0.979
0.964
1.002
1.005
0.994
1.007
0.995
1.003
0.978
0.994
0.965
1.017
0.865
1.007
1.015
0.947
0.784
1.138
1.334
0.975
0.984
0.99
1.006
0.998
0.998
1.037
0.859
0.999
0.765
1.023
1.042
1.099
1.377
0.972
0.982
0.991
1.006
0.999
1.002
1.079
1.051
1.082
1.006
0.995
0.967
1.016
0.861
1.023
1.07
1.008
0.762
1.158
1.476
1.071
1.041
1.058
1.036
0.999
0.999
1.021
0.864
0.975
0.8
1.032
1.041
1.085
1.38
0.965
0.979
0.996
0.997
0.999
0.987
0.994
0.999
1.025
0.984
0.999
0.988
1.018
0.845
0.99
1.03
1.016
0.793
1.141
1.341
0.998
1.0
1.038
0.986
0.998
0.997
1.028
0.851
0.964
0.766
1.026
1.041
1.1
1.383
0.971
0.957
0.992
1.006
0.999
0.999
0.997
0.996
1.011
1.005
1.004
0.988
1.017
0.853
1.073
1.061
1.002
0.759
1.16
1.476
0.983
0.99
1.015
0.996
0.995
0.998
0.986
0.839
0.937
0.77
1.04
1.046
1.089
1.372
0.963
0.97
1.001
0.996
1.001
1.008
1.006
1.015
1.027
1.012
0.991
0.984
0.997
0.843
0.992
1.001
0.992
0.79
1.139
1.348
0.987
1.029
1.029
1.017
0.994
0.998
1.023
0.848
0.992
0.752
1.005
1.036
1.073
1.421
0.972
0.977
0.989
1.001
0.995
1.011
0.961
1.006
0.993
1.013
1.0
0.967
1.014
0.859
1.042
1.07
1.01
0.765
1.158
1.479
0.966
0.985
1.005
1.007
1.0
0.999
1.015
0.868
0.991
0.802
1.041
1.078
1.095
1.383
0.966
0.976
1.0
1.0
0.999
1.002
0.984
0.995
1.016
1.011
0.997
0.991
1.02
0.864
0.995
1.017
0.969
0.79
1.115
1.329
0.977
1.026
0.987
0.955
0.971
0.98
1.037
0.862
0.996
0.757
1.016
1.086
1.101
1.392
0.972
0.984
0.997
1.011
0.999
1.0
0.968
1.002
0.991
0.985
0.999
0.989
1.017
0.851
1.078
1.078
0.995
0.762
1.155
1.482
0.938
0.968
1.0
0.983
0.998
0.998
0.998
0.859
0.931
0.779
1.036
1.056
1.09
1.376
0.97
0.975
1.007
1.005
1.0
1.0
0.994
1.008
0.985
0.988
1.0
0.99
1.01
0.844
0.995
1.009
0.95
0.764
1.139
1.356
0.989
0.978
0.991
1.01
0.996
0.998
1.027
0.85
1.006
0.76
1.032
1.059
1.1
1.394
0.955
0.983
0.995
1.007
1.0
0.999
0.998
1.014
1.007
1.007
0.999
0.978
1.006
0.855
1.037
1.092
0.99
0.779
1.157
1.479
0.985
0.983
0.986
0.994
1.0
0.997
0.998
0.831
0.95
0.769
1.031
1.058
1.093
1.382
0.964
0.977
1.0
0.996
0.997
0.992
1.0
1.0
1.0
0.99
1.0
0.983
1.038
0.857
1.008
1.003
0.992
0.763
1.116
1.359
0.986
0.979
0.981
0.976
0.996
0.997
1.031
0.852
0.993
0.751
1.028
1.055
1.101
1.397
0.97
0.985
0.998
1.009
0.999
0.99
0.999
1.0
1.013
0.99
1.008
0.993
1.007
0.865
1.041
1.073
1.005
0.758
1.148
1.479
0.971
0.99
0.986
1.012
0.993
1.0
1.013
0.851
0.964
0.797
1.036
1.06
1.092
1.39
0.964
0.986
0.993
0.996
0.995
0.998
1.0
1.0
0.964
1.009
1.0
0.985
1.027
0.862
1.015
1.024
0.981
0.78
1.113
1.368
1.0
0.998
0.997
1.002
0.996
0.996
1.02
0.846
0.997
0.757
0.999
1.058
1.108
1.435
0.998
0.98
0.993
1.003
0.997
1.002
1.0
1.0
0.993
0.986
0.992
0.985
0.999
0.84
1.046
1.095
0.986
0.773
1.132
1.481
1.0
0.994
0.973
0.988
0.999
0.999
1.008
0.856
1.001
0.783
1.049
1.07
1.09
1.423
0.965
0.965
0.988
0.999
1.0
1.0
1.005
1.002
0.987
0.989
1.002
0.993
1.001
0.851
1.012
1.041
0.973
0.785
1.119
1.354
1.002
0.998
0.999
0.987
0.997
0.998
1.019
0.851
1.029
0.752
1.041
1.07
1.12
1.433
0.971
0.959
0.989
0.999
1.0
1.0
0.999
1.003
0.982
1.014
1.0
0.992
1.005
0.84
1.094
1.105
1.01
0.773
1.133
1.481
0.998
0.996
0.977
0.988
0.997
0.999
1.002
0.865
0.971
0.769
1.043
1.078
1.095
1.43
0.971
0.978
1.002
1.002
0.999
1.003
1.01
1.003
1.007
0.994
1.021
0.993
1.022
0.857
1.025
1.051
0.997
0.781
1.128
1.376
1.012
0.997
0.991
0.986
0.995
0.998
1.018
0.847
1.0
0.763
1.039
1.077
1.106
1.432
0.954
0.96
0.982
1.005
0.999
1.001
1.002
1.017
1.037
1.018
0.986
0.993
1.035
0.829
1.061
1.107
0.979
0.758
1.123
1.482
1.006
0.997
0.989
0.968
1.0
0.999
0.969
0.859
0.989
0.787
1.031
1.078
1.096
1.431
0.938
0.984
0.977
0.996
0.999
0.998
1.003
0.98
0.997
0.986
1.0
0.991
0.992
0.843
1.015
1.044
1.003
0.776
1.116
1.385
1.014
0.99
0.998
0.985
0.97
0.998
1.029
0.857
1.005
0.765
1.035
1.077
1.095
1.439
0.972
0.987
0.997
1.004
0.999
0.999
1.006
0.983
1.013
1.008
1.0
0.991
1.027
0.834
1.073
1.104
0.99
0.76
1.138
1.482
1.017
0.991
1.007
0.981
0.985
1.0
0.991
0.86
0.995
0.805
1.021
1.081
1.095
1.434
0.95
0.987
0.997
0.997
0.999
1.0
0.999
0.999
0.999
1.003
0.999
0.991
1.024
0.857
1.015
1.024
0.971
0.772
1.118
1.391
1.007
0.991
0.999
0.966
0.999
0.999
1.02
0.836
0.998
0.76
1.032
1.062
1.105
1.416
0.972
0.987
0.991
1.0
0.999
1.0
1.013
1.002
0.998
0.988
0.972
0.964
1.024
0.842
1.037
1.088
1.024
0.768
1.148
1.483
1.005
0.989
0.998
0.988
0.973
0.999
1.002
0.855
0.961
0.786
1.02
1.07
1.073
1.442
0.956
0.962
0.973
0.976
1.0
1.0
1.026
0.974
0.986
0.999
1.0
0.991
1.018
0.85
1.012
1.048
1.004
0.785
1.146
1.351
0.961
0.988
0.999
0.991
0.997
0.997
1.015
0.841
1.001
0.76
1.025
1.09
1.112
1.448
0.952
0.989
0.991
1.0
0.999
1.0
0.977
0.967
0.982
0.991
0.999
0.991
0.978
0.841
1.051
1.09
0.991
0.764
1.129
1.484
0.98
0.987
1.0
0.986
0.987
0.999
0.981
0.85
0.967
0.767
1.015
1.081
1.132
1.433
0.959
0.985
0.977
0.98
0.986
1.0
0.986
0.992
1.019
0.991
0.998
0.992
0.998
0.846
1.008
1.078
0.965
0.764
1.116
1.391
0.989
0.99
1.0
0.987
0.998
0.999
0.989
0.841
0.995
0.758
1.011
1.104
1.108
1.443
0.957
0.988
0.995
1.004
0.999
1.0
0.977
0.986
0.997
1.013
0.999
0.991
1.011
0.837
1.045
1.08
0.998
0.759
1.124
1.483
0.974
0.99
1.0
0.986
0.974
0.974
1.013
0.859
0.978
0.771
1.012
1.084
1.084
1.447
0.949
0.961
0.992
0.979
0.986
1.0
1.011
0.98
1.0
0.99
1.0
0.992
0.989
0.847
1.009
1.06
1.001
0.777
1.114
1.401
0.974
0.986
1.0
0.98
0.973
1.0
1.011
0.845
1.001
0.76
1.007
1.108
1.107
1.449
0.954
0.988
0.995
1.003
0.999
1.0
1.0
0.962
1.007
1.001
0.999
0.992
1.014
0.842
1.043
1.08
0.988
0.763
1.126
1.485
0.974
0.987
0.998
0.985
0.896
0.987
0.983
0.847
0.946
0.759
0.948
1.106
1.041
1.444
0.886
0.97
0.889
0.971
0.963
1.0
0.948
0.981
0.947
0.998
0.968
0.992
0.929
0.845
0.955
1.055
0.968
0.768
1.073
1.402
0.955
0.996
0.95
0.989
0.962
0.992
0.951
0.917
0.9
1.003
0.92
1.091
0.944
0.998
0.945
0.997
0.962
1.0
0.962
1.0
0.962
1.0
0.982
0.887
1.097
1.248
1.0
0.842
1.158
1.925
0.963
0.939
0.956
0.996
1.004
1.011
1.027
1.019
1.011
1.017
0.992
0.981
0.972
0.997
0.731
0.751
0.746
0.748
1.018
1.003
1.018
1.01
0.753
0.751
0.754
0.756
0.75
0.746
0.547
0.55
0.745
0.748
0.552
0.554
0.749
0.742
0.753
0.753
1.001
1.0
1.017
1.008
1.006
1.006
1.024
1.008
0.983
1.003
0.729
0.749
0.758
0.752
1.031
1.017
1.011
1.006
0.753
0.748
0.752
0.752
0.752
0.741
0.629
0.627
0.744
0.733
0.62
0.605
0.74
0.748
0.752
0.749
1.026
1.015
1.021
1.006
1.006
1.005
1.011
0.988
0.975
0.997
0.736
0.757
0.753
0.751
1.012
1.011
1.025
1.017
0.752
0.757
0.761
0.756
0.751
0.753
0.617
0.614
0.75
0.737
0.621
0.608
0.744
0.747
0.75
0.75
1.032
0.991
1.017
1.004
1.022
1.015
1.011
0.981
0.976
1.002
0.73
0.751
0.764
0.759
1.003
0.992
1.018
1.019
0.764
0.761
0.761
0.759
0.755
0.747
0.627
0.618
0.744
0.734
0.625
0.607
0.742
0.753
0.762
0.756
1.02
1.011
1.024
1.008
1.005
1.009
1.018
0.976
0.974
0.999
0.717
0.761
0.764
0.754
1.019
0.982
1.017
1.016
0.764
0.766
0.766
0.765
0.762
0.754
0.623
0.619
0.756
0.739
0.628
0.611
0.762
0.762
0.757
0.765
1.013
1.013
1.023
1.013
1.029
1.019
1.011
0.996
0.977
1.0
0.736
0.763
0.751
0.766
1.027
1.004
1.019
1.011
0.77
0.767
0.769
0.759
0.763
0.753
0.628
0.622
0.749
0.75
0.628
0.608
0.758
0.757
0.761
0.769
1.024
1.016
1.012
1.0
1.022
1.0
1.017
0.979
0.976
0.997
0.719
0.745
0.746
0.747
0.999
0.997
1.017
1.007
0.768
0.77
0.773
0.765
0.769
0.758
0.635
0.623
0.748
0.76
0.63
0.611
0.759
0.748
0.76
0.768
1.015
1.01
1.011
1.034
1.037
1.018
1.03
1.016
1.003
0.988
0.736
0.78
0.76
0.763
1.01
0.995
1.004
0.997
0.765
0.762
0.776
0.78
0.77
0.765
0.618
0.626
0.753
0.757
0.631
0.61
0.759
0.748
0.758
0.768
1.02
1.004
1.024
1.011
1.025
1.015
1.018
0.982
0.975
0.997
0.746
0.78
0.767
0.775
1.02
1.015
1.018
1.01
0.78
0.784
0.784
0.779
0.769
0.762
0.622
0.61
0.754
0.788
0.63
0.611
0.752
0.783
0.769
0.771
1.028
1.022
1.003
1.015
1.02
1.01
1.009
1.003
0.988
1.002
0.726
0.759
0.778
0.773
1.024
1.015
1.017
1.015
0.785
0.78
0.779
0.773
0.773
0.775
0.64
0.621
0.768
0.765
0.63
0.613
0.774
0.77
0.778
0.782
1.008
1.009
1.015
1.01
1.024
1.008
1.008
0.97
0.972
0.996
0.693
0.711
0.709
0.708
1.008
1.006
1.008
1.0
0.722
0.717
0.713
0.714
0.783
0.78
0.626
0.621
0.778
0.777
0.624
0.604
0.767
0.778
0.711
0.714
1.002
1.009
1.005
0.995
1.0
1.0
1.021
0.997
0.973
1.0
0.704
0.72
0.719
0.717
1.01
0.983
1.015
1.008
0.716
0.731
0.721
0.715
0.719
0.714
0.63
0.615
0.715
0.719
0.624
0.604
0.71
0.717
0.719
0.724
1.005
0.996
1.02
1.01
1.04
1.007
1.012
0.981
0.974
0.996
0.698
0.726
0.724
0.714
1.01
0.999
1.023
1.008
0.724
0.731
0.727
0.723
0.72
0.735
0.627
0.609
0.718
0.716
0.627
0.608
0.719
0.714
0.733
0.722
0.989
0.991
1.026
1.005
1.029
1.002
1.041
0.99
0.977
1.0
0.715
0.727
0.711
0.71
1.001
1.004
1.019
1.002
0.73
0.745
0.734
0.73
0.74
0.734
0.624
0.605
0.73
0.726
0.62
0.601
0.728
0.722
0.734
0.728
1.005
0.985
1.02
1.021
1.037
1.015
1.035
0.977
0.96
0.996
0.688
0.716
0.714
0.712
1.007
1.001
1.023
1.002
0.719
0.728
0.709
0.717
0.712
0.728
0.615
0.597
0.707
0.697
0.608
0.604
0.708
0.708
0.713
0.714
0.998
0.996
1.012
1.003
1.008
1.016
1.0
0.978
0.978
0.957
0.704
0.719
0.72
0.718
1.007
0.989
1.009
0.985
0.705
0.718
0.719
0.714
0.711
0.721
0.614
0.606
0.708
0.698
0.607
0.589
0.71
0.709
0.731
0.718
