impl name               ,test name       ,size    ,al dst ,al src ,dst > src,trials ,inner trials,mean      ,median    ,geomean   ,min       ,max       ,stdev
memcpy_0_avx_movsb    ,rand SPEC2017   ,1       ,0      ,-1     ,0        ,100000 ,8192        ,5.492E+04 ,5.010E+04 ,5.353E+04 ,4.69E+04  ,2.713E+05 ,1.617E+04
memcpy_0_avx_movsb    ,rand SPEC2017   ,1       ,0      ,-1     ,1        ,100000 ,8192        ,5.880E+04 ,5.459E+04 ,5.759E+04 ,5.01E+04  ,2.529E+05 ,1.562E+04
memcpy_0_avx_movsb    ,rand SPEC2017   ,1       ,0      ,-1     ,2        ,100000 ,8192        ,5.736E+04 ,5.337E+04 ,5.635E+04 ,4.85E+04  ,2.603E+05 ,1.396E+04
memcpy_1_avx_movsb    ,rand SPEC2017   ,1       ,0      ,-1     ,0        ,100000 ,8192        ,5.391E+04 ,5.310E+04 ,5.383E+04 ,5.01E+04  ,1.858E+05 ,3.304E+03
memcpy_1_avx_movsb    ,rand SPEC2017   ,1       ,0      ,-1     ,1        ,100000 ,8192        ,5.733E+04 ,5.681E+04 ,5.727E+04 ,5.33E+04  ,1.209E+05 ,2.846E+03
memcpy_1_avx_movsb    ,rand SPEC2017   ,1       ,0      ,-1     ,2        ,100000 ,8192        ,5.726E+04 ,5.565E+04 ,5.708E+04 ,5.14E+04  ,1.352E+05 ,4.775E+03
memcpy_2_avx_movsb    ,rand SPEC2017   ,1       ,0      ,-1     ,0        ,100000 ,8192        ,8.408E+04 ,8.314E+04 ,8.403E+04 ,8.04E+04  ,1.485E+05 ,3.309E+03
memcpy_2_avx_movsb    ,rand SPEC2017   ,1       ,0      ,-1     ,1        ,100000 ,8192        ,8.607E+04 ,8.581E+04 ,8.604E+04 ,8.10E+04  ,1.530E+05 ,2.503E+03
memcpy_2_avx_movsb    ,rand SPEC2017   ,1       ,0      ,-1     ,2        ,100000 ,8192        ,8.984E+04 ,8.975E+04 ,8.979E+04 ,8.54E+04  ,1.480E+05 ,3.141E+03
memcpy_0_avx_movsb    ,rand SPEC2017   ,1       ,0      ,-1     ,0        ,100000 ,8192        ,6.125E+04 ,6.062E+04 ,6.119E+04 ,5.67E+04  ,1.125E+05 ,2.809E+03
memcpy_0_avx_movsb    ,rand SPEC2017   ,1       ,0      ,-1     ,1        ,100000 ,8192        ,6.603E+04 ,6.498E+04 ,6.594E+04 ,6.22E+04  ,1.284E+05 ,3.688E+03
memcpy_0_avx_movsb    ,rand SPEC2017   ,1       ,0      ,-1     ,2        ,100000 ,8192        ,6.556E+04 ,6.358E+04 ,6.534E+04 ,5.80E+04  ,1.284E+05 ,5.621E+03
memcpy_1_avx_movsb    ,rand SPEC2017   ,1       ,0      ,-1     ,0        ,100000 ,8192        ,6.399E+04 ,6.328E+04 ,6.390E+04 ,5.97E+04  ,1.450E+05 ,3.630E+03
memcpy_1_avx_movsb    ,rand SPEC2017   ,1       ,0      ,-1     ,1        ,100000 ,8192        ,6.537E+04 ,6.448E+04 ,6.527E+04 ,6.09E+04  ,1.303E+05 ,3.939E+03
memcpy_1_avx_movsb    ,rand SPEC2017   ,1       ,0      ,-1     ,2        ,100000 ,8192        ,6.508E+04 ,6.308E+04 ,6.486E+04 ,5.79E+04  ,1.309E+05 ,5.675E+03
memcpy_2_avx_movsb    ,rand SPEC2017   ,1       ,0      ,-1     ,0        ,100000 ,8192        ,9.355E+04 ,9.308E+04 ,9.351E+04 ,8.82E+04  ,1.572E+05 ,2.955E+03
memcpy_2_avx_movsb    ,rand SPEC2017   ,1       ,0      ,-1     ,1        ,100000 ,8192        ,9.608E+04 ,9.536E+04 ,9.602E+04 ,9.15E+04  ,1.627E+05 ,3.796E+03
memcpy_2_avx_movsb    ,rand SPEC2017   ,1       ,0      ,-1     ,2        ,100000 ,8192        ,9.877E+04 ,9.761E+04 ,9.871E+04 ,9.46E+04  ,1.723E+05 ,3.823E+03
memcpy_0_avx_movsb    ,rand SPEC2017   ,1       ,0      ,-1     ,0        ,100000 ,8192        ,6.673E+04 ,6.585E+04 ,6.661E+04 ,6.16E+04  ,1.396E+05 ,4.282E+03
memcpy_0_avx_movsb    ,rand SPEC2017   ,1       ,0      ,-1     ,1        ,100000 ,8192        ,7.191E+04 ,7.103E+04 ,7.178E+04 ,6.67E+04  ,1.508E+05 ,4.674E+03
memcpy_0_avx_movsb    ,rand SPEC2017   ,1       ,0      ,-1     ,2        ,100000 ,8192        ,7.093E+04 ,6.862E+04 ,7.064E+04 ,6.17E+04  ,1.705E+05 ,6.777E+03
memcpy_1_avx_movsb    ,rand SPEC2017   ,1       ,0      ,-1     ,0        ,100000 ,8192        ,6.804E+04 ,6.690E+04 ,6.794E+04 ,6.28E+04  ,1.474E+05 ,3.931E+03
memcpy_1_avx_movsb    ,rand SPEC2017   ,1       ,0      ,-1     ,1        ,100000 ,8192        ,6.947E+04 ,6.831E+04 ,6.937E+04 ,6.39E+04  ,1.473E+05 ,4.004E+03
memcpy_1_avx_movsb    ,rand SPEC2017   ,1       ,0      ,-1     ,2        ,100000 ,8192        ,6.847E+04 ,6.633E+04 ,6.825E+04 ,6.03E+04  ,1.369E+05 ,5.725E+03
memcpy_2_avx_movsb    ,rand SPEC2017   ,1       ,0      ,-1     ,0        ,100000 ,8192        ,9.888E+04 ,9.763E+04 ,9.877E+04 ,9.37E+04  ,1.781E+05 ,5.025E+03
memcpy_2_avx_movsb    ,rand SPEC2017   ,1       ,0      ,-1     ,1        ,100000 ,8192        ,1.010E+05 ,1.008E+05 ,1.009E+05 ,9.46E+04  ,1.876E+05 ,4.420E+03
memcpy_2_avx_movsb    ,rand SPEC2017   ,1       ,0      ,-1     ,2        ,100000 ,8192        ,1.036E+05 ,1.030E+05 ,1.035E+05 ,9.80E+04  ,1.831E+05 ,4.400E+03
memcpy_0_avx_movsb    ,rand SPEC2017   ,1       ,0      ,-1     ,0        ,100000 ,8192        ,6.977E+04 ,6.897E+04 ,6.966E+04 ,6.38E+04  ,1.310E+05 ,4.137E+03
memcpy_0_avx_movsb    ,rand SPEC2017   ,1       ,0      ,-1     ,1        ,100000 ,8192        ,7.462E+04 ,7.354E+04 ,7.448E+04 ,6.88E+04  ,1.572E+05 ,4.877E+03
memcpy_0_avx_movsb    ,rand SPEC2017   ,1       ,0      ,-1     ,2        ,100000 ,8192        ,7.322E+04 ,7.104E+04 ,7.296E+04 ,6.44E+04  ,1.612E+05 ,6.397E+03
memcpy_1_avx_movsb    ,rand SPEC2017   ,1       ,0      ,-1     ,0        ,100000 ,8192        ,7.003E+04 ,6.889E+04 ,6.990E+04 ,6.39E+04  ,1.386E+05 ,4.553E+03
memcpy_1_avx_movsb    ,rand SPEC2017   ,1       ,0      ,-1     ,1        ,100000 ,8192        ,7.156E+04 ,7.074E+04 ,7.144E+04 ,6.61E+04  ,1.387E+05 ,4.309E+03
memcpy_1_avx_movsb    ,rand SPEC2017   ,1       ,0      ,-1     ,2        ,100000 ,8192        ,7.056E+04 ,6.844E+04 ,7.032E+04 ,6.24E+04  ,1.471E+05 ,6.053E+03
memcpy_2_avx_movsb    ,rand SPEC2017   ,1       ,0      ,-1     ,0        ,100000 ,8192        ,1.016E+05 ,1.008E+05 ,1.015E+05 ,9.46E+04  ,1.804E+05 ,3.443E+03
memcpy_2_avx_movsb    ,rand SPEC2017   ,1       ,0      ,-1     ,1        ,100000 ,8192        ,1.031E+05 ,1.020E+05 ,1.031E+05 ,9.75E+04  ,1.846E+05 ,4.039E+03
memcpy_2_avx_movsb    ,rand SPEC2017   ,1       ,0      ,-1     ,2        ,100000 ,8192        ,1.049E+05 ,1.036E+05 ,1.048E+05 ,9.89E+04  ,1.801E+05 ,3.970E+03
memcpy_0_avx_movsb    ,rand SPEC2017   ,1       ,0      ,-1     ,0        ,100000 ,8192        ,7.154E+04 ,7.035E+04 ,7.144E+04 ,6.52E+04  ,1.366E+05 ,4.056E+03
memcpy_0_avx_movsb    ,rand SPEC2017   ,1       ,0      ,-1     ,1        ,100000 ,8192        ,7.731E+04 ,7.612E+04 ,7.718E+04 ,7.13E+04  ,1.507E+05 ,4.695E+03
memcpy_0_avx_movsb    ,rand SPEC2017   ,1       ,0      ,-1     ,2        ,100000 ,8192        ,7.526E+04 ,7.302E+04 ,7.499E+04 ,6.58E+04  ,5.205E+05 ,6.786E+03
memcpy_1_avx_movsb    ,rand SPEC2017   ,1       ,0      ,-1     ,0        ,100000 ,8192        ,7.172E+04 ,7.063E+04 ,7.159E+04 ,6.50E+04  ,1.504E+05 ,4.462E+03
memcpy_1_avx_movsb    ,rand SPEC2017   ,1       ,0      ,-1     ,1        ,100000 ,8192        ,7.325E+04 ,7.255E+04 ,7.314E+04 ,6.79E+04  ,1.774E+05 ,4.333E+03
memcpy_1_avx_movsb    ,rand SPEC2017   ,1       ,0      ,-1     ,2        ,100000 ,8192        ,7.174E+04 ,6.961E+04 ,7.152E+04 ,6.34E+04  ,1.684E+05 ,5.974E+03
memcpy_2_avx_movsb    ,rand SPEC2017   ,1       ,0      ,-1     ,0        ,100000 ,8192        ,1.036E+05 ,1.031E+05 ,1.035E+05 ,9.72E+04  ,2.002E+05 ,4.777E+03
memcpy_2_avx_movsb    ,rand SPEC2017   ,1       ,0      ,-1     ,1        ,100000 ,8192        ,1.048E+05 ,1.044E+05 ,1.047E+05 ,9.82E+04  ,2.029E+05 ,4.638E+03
memcpy_2_avx_movsb    ,rand SPEC2017   ,1       ,0      ,-1     ,2        ,100000 ,8192        ,1.078E+05 ,1.078E+05 ,1.077E+05 ,1.02E+05  ,2.047E+05 ,4.657E+03
memcpy_0_avx_movsb    ,rand SPEC2017   ,1       ,0      ,-1     ,0        ,100000 ,8192        ,7.222E+04 ,7.138E+04 ,7.210E+04 ,6.71E+04  ,2.053E+05 ,4.504E+03
memcpy_0_avx_movsb    ,rand SPEC2017   ,1       ,0      ,-1     ,1        ,100000 ,8192        ,7.622E+04 ,7.489E+04 ,7.610E+04 ,7.06E+04  ,1.757E+05 ,4.542E+03
memcpy_0_avx_movsb    ,rand SPEC2017   ,1       ,0      ,-1     ,2        ,100000 ,8192        ,7.466E+04 ,7.248E+04 ,7.441E+04 ,6.61E+04  ,1.730E+05 ,6.394E+03
memcpy_1_avx_movsb    ,rand SPEC2017   ,1       ,0      ,-1     ,0        ,100000 ,8192        ,7.206E+04 ,7.121E+04 ,7.195E+04 ,6.61E+04  ,1.570E+05 ,4.300E+03
memcpy_1_avx_movsb    ,rand SPEC2017   ,1       ,0      ,-1     ,1        ,100000 ,8192        ,7.357E+04 ,7.289E+04 ,7.347E+04 ,6.80E+04  ,1.641E+05 ,4.188E+03
memcpy_1_avx_movsb    ,rand SPEC2017   ,1       ,0      ,-1     ,2        ,100000 ,8192        ,7.245E+04 ,7.036E+04 ,7.222E+04 ,6.41E+04  ,1.683E+05 ,6.088E+03
memcpy_2_avx_movsb    ,rand SPEC2017   ,1       ,0      ,-1     ,0        ,100000 ,8192        ,1.046E+05 ,1.042E+05 ,1.045E+05 ,9.71E+04  ,2.170E+05 ,4.631E+03
memcpy_2_avx_movsb    ,rand SPEC2017   ,1       ,0      ,-1     ,1        ,100000 ,8192        ,1.054E+05 ,1.050E+05 ,1.053E+05 ,9.85E+04  ,2.094E+05 ,4.436E+03
memcpy_2_avx_movsb    ,rand SPEC2017   ,1       ,0      ,-1     ,2        ,100000 ,8192        ,1.086E+05 ,1.082E+05 ,1.086E+05 ,1.02E+05  ,2.045E+05 ,4.457E+03
memcpy_0_avx_movsb    ,rand SPEC2017   ,1       ,0      ,-1     ,0        ,100000 ,8192        ,7.208E+04 ,7.137E+04 ,7.196E+04 ,6.65E+04  ,1.762E+05 ,4.575E+03
memcpy_0_avx_movsb    ,rand SPEC2017   ,1       ,0      ,-1     ,1        ,100000 ,8192        ,7.590E+04 ,7.448E+04 ,7.578E+04 ,7.00E+04  ,1.813E+05 ,4.594E+03
memcpy_0_avx_movsb    ,rand SPEC2017   ,1       ,0      ,-1     ,2        ,100000 ,8192        ,7.390E+04 ,7.175E+04 ,7.366E+04 ,6.58E+04  ,1.671E+05 ,6.217E+03
memcpy_1_avx_movsb    ,rand SPEC2017   ,1       ,0      ,-1     ,0        ,100000 ,8192        ,7.163E+04 ,7.074E+04 ,7.151E+04 ,6.60E+04  ,1.800E+05 ,4.565E+03
memcpy_1_avx_movsb    ,rand SPEC2017   ,1       ,0      ,-1     ,1        ,100000 ,8192        ,7.389E+04 ,7.311E+04 ,7.378E+04 ,6.90E+04  ,1.619E+05 ,4.364E+03
memcpy_1_avx_movsb    ,rand SPEC2017   ,1       ,0      ,-1     ,2        ,100000 ,8192        ,7.159E+04 ,6.958E+04 ,7.137E+04 ,6.43E+04  ,1.661E+05 ,5.965E+03
memcpy_2_avx_movsb    ,rand SPEC2017   ,1       ,0      ,-1     ,0        ,100000 ,8192        ,1.034E+05 ,1.032E+05 ,1.033E+05 ,9.74E+04  ,2.249E+05 ,4.637E+03
memcpy_2_avx_movsb    ,rand SPEC2017   ,1       ,0      ,-1     ,1        ,100000 ,8192        ,1.042E+05 ,1.039E+05 ,1.041E+05 ,9.76E+04  ,2.023E+05 ,4.723E+03
memcpy_2_avx_movsb    ,rand SPEC2017   ,1       ,0      ,-1     ,2        ,100000 ,8192        ,1.069E+05 ,1.071E+05 ,1.068E+05 ,1.01E+05  ,2.228E+05 ,4.701E+03
memcpy_0_avx_movsb    ,rand SPEC2017   ,1       ,0      ,-1     ,0        ,100000 ,8192        ,7.198E+04 ,7.127E+04 ,7.186E+04 ,6.64E+04  ,1.765E+05 ,4.440E+03
memcpy_0_avx_movsb    ,rand SPEC2017   ,1       ,0      ,-1     ,1        ,100000 ,8192        ,7.615E+04 ,7.468E+04 ,7.602E+04 ,7.05E+04  ,1.825E+05 ,4.726E+03
memcpy_0_avx_movsb    ,rand SPEC2017   ,1       ,0      ,-1     ,2        ,100000 ,8192        ,7.412E+04 ,7.196E+04 ,7.389E+04 ,6.60E+04  ,1.376E+05 ,6.125E+03
memcpy_1_avx_movsb    ,rand SPEC2017   ,1       ,0      ,-1     ,0        ,100000 ,8192        ,7.173E+04 ,7.087E+04 ,7.161E+04 ,6.59E+04  ,1.484E+05 ,4.325E+03
memcpy_1_avx_movsb    ,rand SPEC2017   ,1       ,0      ,-1     ,1        ,100000 ,8192        ,7.271E+04 ,7.193E+04 ,7.260E+04 ,6.74E+04  ,1.385E+05 ,4.371E+03
memcpy_1_avx_movsb    ,rand SPEC2017   ,1       ,0      ,-1     ,2        ,100000 ,8192        ,7.256E+04 ,7.056E+04 ,7.235E+04 ,6.48E+04  ,1.507E+05 ,5.849E+03
memcpy_2_avx_movsb    ,rand SPEC2017   ,1       ,0      ,-1     ,0        ,100000 ,8192        ,1.043E+05 ,1.038E+05 ,1.042E+05 ,9.76E+04  ,2.170E+05 ,4.510E+03
memcpy_2_avx_movsb    ,rand SPEC2017   ,1       ,0      ,-1     ,1        ,100000 ,8192        ,1.047E+05 ,1.043E+05 ,1.046E+05 ,9.82E+04  ,1.911E+05 ,4.753E+03
memcpy_2_avx_movsb    ,rand SPEC2017   ,1       ,0      ,-1     ,2        ,100000 ,8192        ,1.068E+05 ,1.068E+05 ,1.067E+05 ,1.01E+05  ,1.902E+05 ,4.049E+03
memcpy_0_avx_movsb    ,rand SPEC2017   ,1       ,0      ,-1     ,0        ,100000 ,8192        ,7.242E+04 ,7.175E+04 ,7.232E+04 ,6.64E+04  ,1.487E+05 ,4.109E+03
memcpy_0_avx_movsb    ,rand SPEC2017   ,1       ,0      ,-1     ,1        ,100000 ,8192        ,7.797E+04 ,7.718E+04 ,7.785E+04 ,7.21E+04  ,1.726E+05 ,4.580E+03
memcpy_0_avx_movsb    ,rand SPEC2017   ,1       ,0      ,-1     ,2        ,100000 ,8192        ,7.484E+04 ,7.263E+04 ,7.459E+04 ,6.60E+04  ,1.500E+05 ,6.368E+03
memcpy_1_avx_movsb    ,rand SPEC2017   ,1       ,0      ,-1     ,0        ,100000 ,8192        ,7.191E+04 ,7.099E+04 ,7.180E+04 ,6.60E+04  ,1.415E+05 ,4.163E+03
memcpy_1_avx_movsb    ,rand SPEC2017   ,1       ,0      ,-1     ,1        ,100000 ,8192        ,7.458E+04 ,7.374E+04 ,7.449E+04 ,6.85E+04  ,1.431E+05 ,3.884E+03
memcpy_1_avx_movsb    ,rand SPEC2017   ,1       ,0      ,-1     ,2        ,100000 ,8192        ,7.221E+04 ,7.027E+04 ,7.203E+04 ,6.46E+04  ,1.367E+05 ,5.469E+03
memcpy_2_avx_movsb    ,rand SPEC2017   ,1       ,0      ,-1     ,0        ,100000 ,8192        ,1.036E+05 ,1.034E+05 ,1.035E+05 ,9.74E+04  ,1.703E+05 ,4.122E+03
memcpy_2_avx_movsb    ,rand SPEC2017   ,1       ,0      ,-1     ,1        ,100000 ,8192        ,1.056E+05 ,1.050E+05 ,1.056E+05 ,9.85E+04  ,1.822E+05 ,3.974E+03
memcpy_2_avx_movsb    ,rand SPEC2017   ,1       ,0      ,-1     ,2        ,100000 ,8192        ,1.084E+05 ,1.077E+05 ,1.084E+05 ,1.01E+05  ,2.080E+05 ,4.002E+03
memcpy_0_avx_movsb    ,rand SPEC2017   ,1       ,0      ,-1     ,0        ,100000 ,8192        ,7.190E+04 ,7.111E+04 ,7.177E+04 ,6.61E+04  ,1.723E+05 ,4.566E+03
memcpy_0_avx_movsb    ,rand SPEC2017   ,1       ,0      ,-1     ,1        ,100000 ,8192        ,7.696E+04 ,7.577E+04 ,7.683E+04 ,7.14E+04  ,1.469E+05 ,4.647E+03
memcpy_0_avx_movsb    ,rand SPEC2017   ,1       ,0      ,-1     ,2        ,100000 ,8192        ,7.519E+04 ,7.293E+04 ,7.495E+04 ,6.62E+04  ,1.521E+05 ,6.288E+03
memcpy_1_avx_movsb    ,rand SPEC2017   ,1       ,0      ,-1     ,0        ,100000 ,8192        ,7.198E+04 ,7.108E+04 ,7.187E+04 ,6.64E+04  ,1.604E+05 ,4.432E+03
memcpy_1_avx_movsb    ,rand SPEC2017   ,1       ,0      ,-1     ,1        ,100000 ,8192        ,7.323E+04 ,7.250E+04 ,7.313E+04 ,6.79E+04  ,1.404E+05 ,4.195E+03
memcpy_1_avx_movsb    ,rand SPEC2017   ,1       ,0      ,-1     ,2        ,100000 ,8192        ,7.271E+04 ,7.068E+04 ,7.251E+04 ,6.49E+04  ,1.464E+05 ,5.650E+03
memcpy_2_avx_movsb    ,rand SPEC2017   ,1       ,0      ,-1     ,0        ,100000 ,8192        ,1.042E+05 ,1.037E+05 ,1.041E+05 ,9.76E+04  ,1.701E+05 ,3.758E+03
memcpy_2_avx_movsb    ,rand SPEC2017   ,1       ,0      ,-1     ,1        ,100000 ,8192        ,1.043E+05 ,1.042E+05 ,1.042E+05 ,9.81E+04  ,1.711E+05 ,4.473E+03
memcpy_2_avx_movsb    ,rand SPEC2017   ,1       ,0      ,-1     ,2        ,100000 ,8192        ,1.067E+05 ,1.066E+05 ,1.066E+05 ,1.01E+05  ,1.962E+05 ,4.401E+03
memcpy_0_avx_movsb    ,rand SPEC2017   ,1       ,0      ,-1     ,0        ,100000 ,8192        ,7.197E+04 ,7.134E+04 ,7.186E+04 ,6.63E+04  ,1.414E+05 ,4.291E+03
memcpy_0_avx_movsb    ,rand SPEC2017   ,1       ,0      ,-1     ,1        ,100000 ,8192        ,7.667E+04 ,7.541E+04 ,7.655E+04 ,7.11E+04  ,1.431E+05 ,4.618E+03
memcpy_0_avx_movsb    ,rand SPEC2017   ,1       ,0      ,-1     ,2        ,100000 ,8192        ,7.567E+04 ,7.346E+04 ,7.543E+04 ,6.63E+04  ,1.516E+05 ,6.384E+03
memcpy_1_avx_movsb    ,rand SPEC2017   ,1       ,0      ,-1     ,0        ,100000 ,8192        ,7.226E+04 ,7.134E+04 ,7.215E+04 ,6.66E+04  ,1.398E+05 ,4.192E+03
memcpy_1_avx_movsb    ,rand SPEC2017   ,1       ,0      ,-1     ,1        ,100000 ,8192        ,7.289E+04 ,7.241E+04 ,7.280E+04 ,6.79E+04  ,1.399E+05 ,3.784E+03
memcpy_1_avx_movsb    ,rand SPEC2017   ,1       ,0      ,-1     ,2        ,100000 ,8192        ,7.298E+04 ,7.076E+04 ,7.274E+04 ,6.49E+04  ,1.508E+05 ,6.225E+03
memcpy_2_avx_movsb    ,rand SPEC2017   ,1       ,0      ,-1     ,0        ,100000 ,8192        ,1.049E+05 ,1.043E+05 ,1.049E+05 ,9.81E+04  ,1.698E+05 ,3.971E+03
memcpy_2_avx_movsb    ,rand SPEC2017   ,1       ,0      ,-1     ,1        ,100000 ,8192        ,1.057E+05 ,1.055E+05 ,1.056E+05 ,9.85E+04  ,1.658E+05 ,4.145E+03
memcpy_2_avx_movsb    ,rand SPEC2017   ,1       ,0      ,-1     ,2        ,100000 ,8192        ,1.078E+05 ,1.079E+05 ,1.077E+05 ,1.02E+05  ,1.797E+05 ,4.320E+03
memcpy_0_avx_movsb    ,rand SPEC2017   ,1       ,0      ,-1     ,0        ,100000 ,8192        ,7.282E+04 ,7.198E+04 ,7.271E+04 ,6.72E+04  ,1.485E+05 ,4.388E+03
memcpy_0_avx_movsb    ,rand SPEC2017   ,1       ,0      ,-1     ,1        ,100000 ,8192        ,7.690E+04 ,7.631E+04 ,7.680E+04 ,7.15E+04  ,1.435E+05 ,4.214E+03
memcpy_0_avx_movsb    ,rand SPEC2017   ,1       ,0      ,-1     ,2        ,100000 ,8192        ,7.463E+04 ,7.246E+04 ,7.440E+04 ,6.59E+04  ,1.523E+05 ,6.148E+03
memcpy_1_avx_movsb    ,rand SPEC2017   ,1       ,0      ,-1     ,0        ,100000 ,8192        ,7.221E+04 ,7.129E+04 ,7.212E+04 ,6.62E+04  ,1.423E+05 ,3.917E+03
memcpy_1_avx_movsb    ,rand SPEC2017   ,1       ,0      ,-1     ,1        ,100000 ,8192        ,7.345E+04 ,7.283E+04 ,7.335E+04 ,6.83E+04  ,1.448E+05 ,3.991E+03
memcpy_1_avx_movsb    ,rand SPEC2017   ,1       ,0      ,-1     ,2        ,100000 ,8192        ,7.285E+04 ,7.077E+04 ,7.265E+04 ,6.51E+04  ,1.472E+05 ,5.743E+03
memcpy_2_avx_movsb    ,rand SPEC2017   ,1       ,0      ,-1     ,0        ,100000 ,8192        ,1.050E+05 ,1.045E+05 ,1.049E+05 ,9.76E+04  ,2.095E+05 ,3.936E+03
memcpy_2_avx_movsb    ,rand SPEC2017   ,1       ,0      ,-1     ,1        ,100000 ,8192        ,1.061E+05 ,1.055E+05 ,1.060E+05 ,9.92E+04  ,1.724E+05 ,3.560E+03
memcpy_2_avx_movsb    ,rand SPEC2017   ,1       ,0      ,-1     ,2        ,100000 ,8192        ,1.082E+05 ,1.079E+05 ,1.081E+05 ,1.01E+05  ,1.792E+05 ,3.885E+03
memcpy_0_avx_movsb    ,rand SPEC2017   ,1       ,0      ,-1     ,0        ,100000 ,8192        ,7.300E+04 ,7.215E+04 ,7.291E+04 ,6.69E+04  ,1.403E+05 ,3.829E+03
memcpy_0_avx_movsb    ,rand SPEC2017   ,1       ,0      ,-1     ,1        ,100000 ,8192        ,7.862E+04 ,7.769E+04 ,7.851E+04 ,7.26E+04  ,1.538E+05 ,4.381E+03
memcpy_0_avx_movsb    ,rand SPEC2017   ,1       ,0      ,-1     ,2        ,100000 ,8192        ,7.557E+04 ,7.336E+04 ,7.533E+04 ,6.66E+04  ,1.836E+05 ,6.387E+03
memcpy_1_avx_movsb    ,rand SPEC2017   ,1       ,0      ,-1     ,0        ,100000 ,8192        ,7.260E+04 ,7.181E+04 ,7.252E+04 ,6.60E+04  ,1.473E+05 ,3.642E+03
memcpy_1_avx_movsb    ,rand SPEC2017   ,1       ,0      ,-1     ,1        ,100000 ,8192        ,7.297E+04 ,7.242E+04 ,7.288E+04 ,6.79E+04  ,1.348E+05 ,3.904E+03
memcpy_1_avx_movsb    ,rand SPEC2017   ,1       ,0      ,-1     ,2        ,100000 ,8192        ,7.320E+04 ,7.132E+04 ,7.301E+04 ,6.54E+04  ,1.318E+05 ,5.465E+03
memcpy_2_avx_movsb    ,rand SPEC2017   ,1       ,0      ,-1     ,0        ,100000 ,8192        ,1.050E+05 ,1.047E+05 ,1.049E+05 ,9.78E+04  ,3.201E+05 ,4.242E+03
memcpy_2_avx_movsb    ,rand SPEC2017   ,1       ,0      ,-1     ,1        ,100000 ,8192        ,1.057E+05 ,1.050E+05 ,1.056E+05 ,9.89E+04  ,1.929E+05 ,4.335E+03
memcpy_2_avx_movsb    ,rand SPEC2017   ,1       ,0      ,-1     ,2        ,100000 ,8192        ,1.084E+05 ,1.082E+05 ,1.083E+05 ,1.02E+05  ,2.241E+05 ,4.174E+03
memcpy_0_avx_movsb    ,rand SPEC2017   ,1       ,0      ,-1     ,0        ,100000 ,8192        ,7.276E+04 ,7.196E+04 ,7.269E+04 ,6.68E+04  ,1.518E+05 ,3.495E+03
memcpy_0_avx_movsb    ,rand SPEC2017   ,1       ,0      ,-1     ,1        ,100000 ,8192        ,7.742E+04 ,7.646E+04 ,7.729E+04 ,7.17E+04  ,1.946E+05 ,4.730E+03
memcpy_0_avx_movsb    ,rand SPEC2017   ,1       ,0      ,-1     ,2        ,100000 ,8192        ,7.584E+04 ,7.357E+04 ,7.562E+04 ,6.57E+04  ,1.503E+05 ,5.969E+03
memcpy_1_avx_movsb    ,rand SPEC2017   ,1       ,0      ,-1     ,0        ,100000 ,8192        ,7.306E+04 ,7.227E+04 ,7.297E+04 ,6.66E+04  ,1.938E+05 ,3.879E+03
memcpy_1_avx_movsb    ,rand SPEC2017   ,1       ,0      ,-1     ,1        ,100000 ,8192        ,7.380E+04 ,7.317E+04 ,7.370E+04 ,6.82E+04  ,2.191E+05 ,4.071E+03
memcpy_1_avx_movsb    ,rand SPEC2017   ,1       ,0      ,-1     ,2        ,100000 ,8192        ,7.284E+04 ,7.082E+04 ,7.264E+04 ,6.48E+04  ,1.417E+05 ,5.676E+03
memcpy_2_avx_movsb    ,rand SPEC2017   ,1       ,0      ,-1     ,0        ,100000 ,8192        ,1.042E+05 ,1.036E+05 ,1.041E+05 ,9.77E+04  ,1.721E+05 ,3.613E+03
memcpy_2_avx_movsb    ,rand SPEC2017   ,1       ,0      ,-1     ,1        ,100000 ,8192        ,1.063E+05 ,1.053E+05 ,1.062E+05 ,9.91E+04  ,1.779E+05 ,3.815E+03
memcpy_2_avx_movsb    ,rand SPEC2017   ,1       ,0      ,-1     ,2        ,100000 ,8192        ,1.079E+05 ,1.074E+05 ,1.078E+05 ,1.01E+05  ,2.002E+05 ,4.581E+03
memcpy_0_avx_movsb    ,rand SPEC2017   ,1       ,0      ,-1     ,0        ,100000 ,8192        ,7.414E+04 ,7.334E+04 ,7.405E+04 ,6.79E+04  ,2.503E+05 ,3.830E+03
memcpy_0_avx_movsb    ,rand SPEC2017   ,1       ,0      ,-1     ,1        ,100000 ,8192        ,7.779E+04 ,7.708E+04 ,7.769E+04 ,7.17E+04  ,2.450E+05 ,4.209E+03
memcpy_0_avx_movsb    ,rand SPEC2017   ,1       ,0      ,-1     ,2        ,100000 ,8192        ,7.552E+04 ,7.321E+04 ,7.529E+04 ,6.62E+04  ,1.909E+05 ,6.031E+03
memcpy_1_avx_movsb    ,rand SPEC2017   ,1       ,0      ,-1     ,0        ,100000 ,8192        ,7.323E+04 ,7.230E+04 ,7.315E+04 ,6.74E+04  ,2.734E+05 ,3.826E+03
memcpy_1_avx_movsb    ,rand SPEC2017   ,1       ,0      ,-1     ,1        ,100000 ,8192        ,7.437E+04 ,7.341E+04 ,7.428E+04 ,6.82E+04  ,2.343E+05 ,3.857E+03
memcpy_1_avx_movsb    ,rand SPEC2017   ,1       ,0      ,-1     ,2        ,100000 ,8192        ,7.309E+04 ,7.101E+04 ,7.288E+04 ,6.47E+04  ,2.579E+05 ,5.968E+03
memcpy_2_avx_movsb    ,rand SPEC2017   ,1       ,0      ,-1     ,0        ,100000 ,8192        ,1.058E+05 ,1.050E+05 ,1.057E+05 ,9.78E+04  ,2.788E+05 ,4.050E+03
memcpy_2_avx_movsb    ,rand SPEC2017   ,1       ,0      ,-1     ,1        ,100000 ,8192        ,1.064E+05 ,1.057E+05 ,1.063E+05 ,9.94E+04  ,1.862E+05 ,4.299E+03
memcpy_2_avx_movsb    ,rand SPEC2017   ,1       ,0      ,-1     ,2        ,100000 ,8192        ,1.084E+05 ,1.078E+05 ,1.084E+05 ,1.01E+05  ,1.798E+05 ,3.733E+03
memcpy_0_avx_movsb    ,rand SPEC2017   ,1       ,0      ,-1     ,0        ,100000 ,8192        ,7.265E+04 ,7.183E+04 ,7.256E+04 ,6.63E+04  ,2.033E+05 ,3.839E+03
memcpy_0_avx_movsb    ,rand SPEC2017   ,1       ,0      ,-1     ,1        ,100000 ,8192        ,7.703E+04 ,7.621E+04 ,7.692E+04 ,7.13E+04  ,1.417E+05 ,4.529E+03
memcpy_0_avx_movsb    ,rand SPEC2017   ,1       ,0      ,-1     ,2        ,100000 ,8192        ,7.510E+04 ,7.287E+04 ,7.491E+04 ,6.61E+04  ,2.030E+05 ,5.668E+03
memcpy_1_avx_movsb    ,rand SPEC2017   ,1       ,0      ,-1     ,0        ,100000 ,8192        ,7.253E+04 ,7.145E+04 ,7.243E+04 ,6.65E+04  ,1.420E+05 ,4.030E+03
memcpy_1_avx_movsb    ,rand SPEC2017   ,1       ,0      ,-1     ,1        ,100000 ,8192        ,7.371E+04 ,7.274E+04 ,7.363E+04 ,6.78E+04  ,1.921E+05 ,3.795E+03
memcpy_1_avx_movsb    ,rand SPEC2017   ,1       ,0      ,-1     ,2        ,100000 ,8192        ,7.425E+04 ,7.215E+04 ,7.404E+04 ,6.54E+04  ,1.500E+05 ,5.819E+03
memcpy_2_avx_movsb    ,rand SPEC2017   ,1       ,0      ,-1     ,0        ,100000 ,8192        ,1.057E+05 ,1.051E+05 ,1.057E+05 ,9.85E+04  ,1.730E+05 ,4.046E+03
memcpy_2_avx_movsb    ,rand SPEC2017   ,1       ,0      ,-1     ,1        ,100000 ,8192        ,1.062E+05 ,1.051E+05 ,1.061E+05 ,9.90E+04  ,1.944E+05 ,3.982E+03
memcpy_2_avx_movsb    ,rand SPEC2017   ,1       ,0      ,-1     ,2        ,100000 ,8192        ,1.077E+05 ,1.075E+05 ,1.076E+05 ,1.00E+05  ,1.824E+05 ,4.296E+03
memcpy_0_avx_movsb    ,rand SPEC2017   ,1       ,0      ,-1     ,0        ,100000 ,8192        ,7.243E+04 ,7.174E+04 ,7.235E+04 ,6.70E+04  ,1.376E+05 ,3.687E+03
memcpy_0_avx_movsb    ,rand SPEC2017   ,1       ,0      ,-1     ,1        ,100000 ,8192        ,7.718E+04 ,7.627E+04 ,7.706E+04 ,7.09E+04  ,1.581E+05 ,4.686E+03
memcpy_0_avx_movsb    ,rand SPEC2017   ,1       ,0      ,-1     ,2        ,100000 ,8192        ,7.559E+04 ,7.328E+04 ,7.532E+04 ,6.65E+04  ,1.779E+05 ,6.766E+03
memcpy_1_avx_movsb    ,rand SPEC2017   ,1       ,0      ,-1     ,0        ,100000 ,8192        ,7.245E+04 ,7.155E+04 ,7.234E+04 ,6.69E+04  ,1.461E+05 ,4.319E+03
memcpy_1_avx_movsb    ,rand SPEC2017   ,1       ,0      ,-1     ,1        ,100000 ,8192        ,7.380E+04 ,7.286E+04 ,7.369E+04 ,6.82E+04  ,1.809E+05 ,4.335E+03
memcpy_1_avx_movsb    ,rand SPEC2017   ,1       ,0      ,-1     ,2        ,100000 ,8192        ,7.268E+04 ,7.050E+04 ,7.245E+04 ,6.45E+04  ,1.420E+05 ,6.089E+03
memcpy_2_avx_movsb    ,rand SPEC2017   ,1       ,0      ,-1     ,0        ,100000 ,8192        ,1.033E+05 ,1.032E+05 ,1.032E+05 ,9.74E+04  ,2.018E+05 ,4.523E+03
memcpy_2_avx_movsb    ,rand SPEC2017   ,1       ,0      ,-1     ,1        ,100000 ,8192        ,1.048E+05 ,1.044E+05 ,1.047E+05 ,9.84E+04  ,1.899E+05 ,4.571E+03
memcpy_2_avx_movsb    ,rand SPEC2017   ,1       ,0      ,-1     ,2        ,100000 ,8192        ,1.078E+05 ,1.078E+05 ,1.077E+05 ,1.02E+05  ,2.318E+05 ,4.558E+03
memcpy_0_avx_movsb    ,rand SPEC2017   ,1       ,0      ,-1     ,0        ,100000 ,8192        ,7.280E+04 ,7.196E+04 ,7.268E+04 ,6.70E+04  ,1.416E+05 ,4.325E+03
memcpy_0_avx_movsb    ,rand SPEC2017   ,1       ,0      ,-1     ,1        ,100000 ,8192        ,7.684E+04 ,7.608E+04 ,7.672E+04 ,7.13E+04  ,2.466E+05 ,4.619E+03
memcpy_0_avx_movsb    ,rand SPEC2017   ,1       ,0      ,-1     ,2        ,100000 ,8192        ,7.457E+04 ,7.243E+04 ,7.434E+04 ,6.57E+04  ,2.774E+05 ,6.209E+03
memcpy_1_avx_movsb    ,rand SPEC2017   ,1       ,0      ,-1     ,0        ,100000 ,8192        ,7.203E+04 ,7.110E+04 ,7.192E+04 ,6.60E+04  ,2.615E+05 ,4.227E+03
memcpy_1_avx_movsb    ,rand SPEC2017   ,1       ,0      ,-1     ,1        ,100000 ,8192        ,7.333E+04 ,7.253E+04 ,7.322E+04 ,6.74E+04  ,1.556E+05 ,4.461E+03
memcpy_1_avx_movsb    ,rand SPEC2017   ,1       ,0      ,-1     ,2        ,100000 ,8192        ,7.233E+04 ,7.031E+04 ,7.211E+04 ,6.44E+04  ,1.523E+05 ,5.904E+03
memcpy_2_avx_movsb    ,rand SPEC2017   ,1       ,0      ,-1     ,0        ,100000 ,8192        ,1.035E+05 ,1.033E+05 ,1.034E+05 ,9.70E+04  ,2.230E+05 ,4.224E+03
memcpy_2_avx_movsb    ,rand SPEC2017   ,1       ,0      ,-1     ,1        ,100000 ,8192        ,1.073E+05 ,1.073E+05 ,1.072E+05 ,1.01E+05  ,2.219E+05 ,4.158E+03
memcpy_2_avx_movsb    ,rand SPEC2017   ,1       ,0      ,-1     ,2        ,100000 ,8192        ,1.075E+05 ,1.074E+05 ,1.074E+05 ,1.01E+05  ,1.973E+05 ,4.015E+03
memcpy_0_avx_movsb    ,rand SPEC2017   ,1       ,0      ,-1     ,0        ,100000 ,8192        ,7.272E+04 ,7.196E+04 ,7.264E+04 ,6.65E+04  ,1.397E+05 ,3.642E+03
memcpy_0_avx_movsb    ,rand SPEC2017   ,1       ,0      ,-1     ,1        ,100000 ,8192        ,7.743E+04 ,7.651E+04 ,7.731E+04 ,7.17E+04  ,1.506E+05 ,4.619E+03
memcpy_0_avx_movsb    ,rand SPEC2017   ,1       ,0      ,-1     ,2        ,100000 ,8192        ,7.603E+04 ,7.377E+04 ,7.577E+04 ,6.67E+04  ,1.551E+05 ,6.498E+03
memcpy_1_avx_movsb    ,rand SPEC2017   ,1       ,0      ,-1     ,0        ,100000 ,8192        ,7.235E+04 ,7.140E+04 ,7.227E+04 ,6.65E+04  ,1.453E+05 ,3.579E+03
memcpy_1_avx_movsb    ,rand SPEC2017   ,1       ,0      ,-1     ,1        ,100000 ,8192        ,7.389E+04 ,7.312E+04 ,7.378E+04 ,6.81E+04  ,1.639E+05 ,4.292E+03
memcpy_1_avx_movsb    ,rand SPEC2017   ,1       ,0      ,-1     ,2        ,100000 ,8192        ,7.254E+04 ,7.041E+04 ,7.229E+04 ,6.48E+04  ,1.733E+05 ,6.423E+03
memcpy_2_avx_movsb    ,rand SPEC2017   ,1       ,0      ,-1     ,0        ,100000 ,8192        ,1.051E+05 ,1.045E+05 ,1.050E+05 ,9.83E+04  ,1.803E+05 ,4.383E+03
memcpy_2_avx_movsb    ,rand SPEC2017   ,1       ,0      ,-1     ,1        ,100000 ,8192        ,1.071E+05 ,1.068E+05 ,1.070E+05 ,9.99E+04  ,1.900E+05 ,4.071E+03
memcpy_2_avx_movsb    ,rand SPEC2017   ,1       ,0      ,-1     ,2        ,100000 ,8192        ,1.064E+05 ,1.065E+05 ,1.064E+05 ,1.01E+05  ,1.813E+05 ,4.460E+03
memcpy_0_avx_movsb    ,rand SPEC2017   ,1       ,0      ,-1     ,0        ,100000 ,8192        ,7.190E+04 ,7.126E+04 ,7.180E+04 ,6.59E+04  ,1.334E+05 ,4.047E+03
memcpy_0_avx_movsb    ,rand SPEC2017   ,1       ,0      ,-1     ,1        ,100000 ,8192        ,7.713E+04 ,7.623E+04 ,7.701E+04 ,7.11E+04  ,3.196E+05 ,4.726E+03
memcpy_0_avx_movsb    ,rand SPEC2017   ,1       ,0      ,-1     ,2        ,100000 ,8192        ,7.469E+04 ,7.257E+04 ,7.446E+04 ,6.59E+04  ,1.476E+05 ,6.149E+03
memcpy_1_avx_movsb    ,rand SPEC2017   ,1       ,0      ,-1     ,0        ,100000 ,8192        ,7.169E+04 ,7.085E+04 ,7.158E+04 ,6.61E+04  ,1.686E+05 ,4.212E+03
memcpy_1_avx_movsb    ,rand SPEC2017   ,1       ,0      ,-1     ,1        ,100000 ,8192        ,7.348E+04 ,7.262E+04 ,7.337E+04 ,6.76E+04  ,1.731E+05 ,4.191E+03
memcpy_1_avx_movsb    ,rand SPEC2017   ,1       ,0      ,-1     ,2        ,100000 ,8192        ,7.299E+04 ,7.094E+04 ,7.278E+04 ,6.43E+04  ,1.365E+05 ,5.772E+03
memcpy_2_avx_movsb    ,rand SPEC2017   ,1       ,0      ,-1     ,0        ,100000 ,8192        ,1.054E+05 ,1.045E+05 ,1.053E+05 ,9.82E+04  ,2.751E+05 ,3.941E+03
memcpy_2_avx_movsb    ,rand SPEC2017   ,1       ,0      ,-1     ,1        ,100000 ,8192        ,1.057E+05 ,1.050E+05 ,1.056E+05 ,9.78E+04  ,2.148E+05 ,3.875E+03
memcpy_2_avx_movsb    ,rand SPEC2017   ,1       ,0      ,-1     ,2        ,100000 ,8192        ,1.082E+05 ,1.078E+05 ,1.082E+05 ,1.02E+05  ,1.848E+05 ,3.863E+03
memcpy_0_avx_movsb    ,rand SPEC2017   ,1       ,0      ,-1     ,0        ,100000 ,8192        ,7.288E+04 ,7.214E+04 ,7.281E+04 ,6.73E+04  ,1.346E+05 ,3.426E+03
memcpy_0_avx_movsb    ,rand SPEC2017   ,1       ,0      ,-1     ,1        ,100000 ,8192        ,7.764E+04 ,7.692E+04 ,7.753E+04 ,7.16E+04  ,1.940E+05 ,4.504E+03
memcpy_0_avx_movsb    ,rand SPEC2017   ,1       ,0      ,-1     ,2        ,100000 ,8192        ,7.645E+04 ,7.410E+04 ,7.617E+04 ,6.69E+04  ,1.731E+05 ,6.922E+03
memcpy_1_avx_movsb    ,rand SPEC2017   ,1       ,0      ,-1     ,0        ,100000 ,8192        ,7.280E+04 ,7.193E+04 ,7.271E+04 ,6.69E+04  ,2.459E+05 ,3.810E+03
memcpy_1_avx_movsb    ,rand SPEC2017   ,1       ,0      ,-1     ,1        ,100000 ,8192        ,7.394E+04 ,7.323E+04 ,7.384E+04 ,6.85E+04  ,2.481E+05 ,4.062E+03
memcpy_1_avx_movsb    ,rand SPEC2017   ,1       ,0      ,-1     ,2        ,100000 ,8192        ,7.272E+04 ,7.067E+04 ,7.250E+04 ,6.47E+04  ,2.006E+05 ,6.121E+03
memcpy_2_avx_movsb    ,rand SPEC2017   ,1       ,0      ,-1     ,0        ,100000 ,8192        ,1.048E+05 ,1.043E+05 ,1.047E+05 ,9.78E+04  ,2.613E+05 ,4.487E+03
memcpy_2_avx_movsb    ,rand SPEC2017   ,1       ,0      ,-1     ,1        ,100000 ,8192        ,1.065E+05 ,1.059E+05 ,1.065E+05 ,9.93E+04  ,2.185E+05 ,4.059E+03
memcpy_2_avx_movsb    ,rand SPEC2017   ,1       ,0      ,-1     ,2        ,100000 ,8192        ,1.084E+05 ,1.080E+05 ,1.083E+05 ,1.01E+05  ,2.642E+05 ,4.321E+03
memcpy_0_avx_movsb    ,rand SPEC2017   ,1       ,0      ,-1     ,0        ,100000 ,8192        ,7.379E+04 ,7.302E+04 ,7.371E+04 ,6.74E+04  ,2.428E+05 ,3.774E+03
memcpy_0_avx_movsb    ,rand SPEC2017   ,1       ,0      ,-1     ,1        ,100000 ,8192        ,7.812E+04 ,7.707E+04 ,7.800E+04 ,7.14E+04  ,1.999E+05 ,4.537E+03
memcpy_0_avx_movsb    ,rand SPEC2017   ,1       ,0      ,-1     ,2        ,100000 ,8192        ,7.721E+04 ,7.499E+04 ,7.698E+04 ,6.73E+04  ,3.210E+05 ,6.253E+03
memcpy_1_avx_movsb    ,rand SPEC2017   ,1       ,0      ,-1     ,0        ,100000 ,8192        ,7.294E+04 ,7.223E+04 ,7.286E+04 ,6.62E+04  ,2.589E+05 ,3.693E+03
memcpy_1_avx_movsb    ,rand SPEC2017   ,1       ,0      ,-1     ,1        ,100000 ,8192        ,7.425E+04 ,7.334E+04 ,7.418E+04 ,6.83E+04  ,1.948E+05 ,3.642E+03
memcpy_1_avx_movsb    ,rand SPEC2017   ,1       ,0      ,-1     ,2        ,100000 ,8192        ,7.285E+04 ,7.086E+04 ,7.265E+04 ,6.47E+04  ,2.507E+05 ,5.680E+03
memcpy_2_avx_movsb    ,rand SPEC2017   ,1       ,0      ,-1     ,0        ,100000 ,8192        ,1.054E+05 ,1.049E+05 ,1.053E+05 ,9.80E+04  ,2.689E+05 ,4.158E+03
memcpy_2_avx_movsb    ,rand SPEC2017   ,1       ,0      ,-1     ,1        ,100000 ,8192        ,1.065E+05 ,1.053E+05 ,1.064E+05 ,9.91E+04  ,2.567E+05 ,4.339E+03
memcpy_2_avx_movsb    ,rand SPEC2017   ,1       ,0      ,-1     ,2        ,100000 ,8192        ,1.090E+05 ,1.084E+05 ,1.089E+05 ,1.02E+05  ,2.178E+05 ,3.498E+03
memcpy_0_avx_movsb    ,rand SPEC2017   ,1       ,0      ,-1     ,0        ,100000 ,8192        ,7.320E+04 ,7.245E+04 ,7.310E+04 ,6.70E+04  ,1.745E+05 ,3.998E+03
memcpy_0_avx_movsb    ,rand SPEC2017   ,1       ,0      ,-1     ,1        ,100000 ,8192        ,7.710E+04 ,7.638E+04 ,7.700E+04 ,7.08E+04  ,2.570E+05 ,4.190E+03
memcpy_0_avx_movsb    ,rand SPEC2017   ,1       ,0      ,-1     ,2        ,100000 ,8192        ,7.608E+04 ,7.393E+04 ,7.583E+04 ,6.64E+04  ,1.498E+05 ,6.411E+03
memcpy_1_avx_movsb    ,rand SPEC2017   ,1       ,0      ,-1     ,0        ,100000 ,8192        ,7.323E+04 ,7.213E+04 ,7.311E+04 ,6.74E+04  ,1.754E+05 ,4.558E+03
memcpy_1_avx_movsb    ,rand SPEC2017   ,1       ,0      ,-1     ,1        ,100000 ,8192        ,7.381E+04 ,7.317E+04 ,7.374E+04 ,6.84E+04  ,2.574E+05 ,3.658E+03
memcpy_1_avx_movsb    ,rand SPEC2017   ,1       ,0      ,-1     ,2        ,100000 ,8192        ,7.240E+04 ,7.038E+04 ,7.221E+04 ,6.46E+04  ,2.620E+05 ,5.521E+03
memcpy_2_avx_movsb    ,rand SPEC2017   ,1       ,0      ,-1     ,0        ,100000 ,8192        ,1.043E+05 ,1.036E+05 ,1.042E+05 ,9.72E+04  ,2.769E+05 ,4.582E+03
memcpy_2_avx_movsb    ,rand SPEC2017   ,1       ,0      ,-1     ,1        ,100000 ,8192        ,1.058E+05 ,1.054E+05 ,1.057E+05 ,9.82E+04  ,1.684E+05 ,4.095E+03
memcpy_2_avx_movsb    ,rand SPEC2017   ,1       ,0      ,-1     ,2        ,100000 ,8192        ,1.070E+05 ,1.069E+05 ,1.069E+05 ,1.01E+05  ,3.133E+05 ,4.154E+03
memcpy_0_avx_movsb    ,rand SPEC2017   ,1       ,0      ,-1     ,0        ,100000 ,8192        ,7.206E+04 ,7.140E+04 ,7.195E+04 ,6.64E+04  ,1.388E+05 ,4.232E+03
memcpy_0_avx_movsb    ,rand SPEC2017   ,1       ,0      ,-1     ,1        ,100000 ,8192        ,7.683E+04 ,7.605E+04 ,7.670E+04 ,7.13E+04  ,1.734E+05 ,4.631E+03
memcpy_0_avx_movsb    ,rand SPEC2017   ,1       ,0      ,-1     ,2        ,100000 ,8192        ,7.541E+04 ,7.328E+04 ,7.517E+04 ,6.66E+04  ,2.050E+05 ,6.303E+03
memcpy_1_avx_movsb    ,rand SPEC2017   ,1       ,0      ,-1     ,0        ,100000 ,8192        ,7.244E+04 ,7.157E+04 ,7.237E+04 ,6.69E+04  ,2.864E+05 ,3.551E+03
memcpy_1_avx_movsb    ,rand SPEC2017   ,1       ,0      ,-1     ,1        ,100000 ,8192        ,7.378E+04 ,7.287E+04 ,7.369E+04 ,6.78E+04  ,1.935E+05 ,4.065E+03
memcpy_1_avx_movsb    ,rand SPEC2017   ,1       ,0      ,-1     ,2        ,100000 ,8192        ,7.302E+04 ,7.089E+04 ,7.279E+04 ,6.49E+04  ,1.572E+05 ,6.136E+03
memcpy_2_avx_movsb    ,rand SPEC2017   ,1       ,0      ,-1     ,0        ,100000 ,8192        ,1.037E+05 ,1.035E+05 ,1.036E+05 ,9.69E+04  ,1.957E+05 ,4.093E+03
memcpy_2_avx_movsb    ,rand SPEC2017   ,1       ,0      ,-1     ,1        ,100000 ,8192        ,1.052E+05 ,1.048E+05 ,1.051E+05 ,9.83E+04  ,1.761E+05 ,4.177E+03
memcpy_2_avx_movsb    ,rand SPEC2017   ,1       ,0      ,-1     ,2        ,100000 ,8192        ,1.076E+05 ,1.075E+05 ,1.075E+05 ,1.01E+05  ,1.764E+05 ,4.194E+03
memcpy_0_avx_movsb    ,rand SPEC2017   ,1       ,0      ,-1     ,0        ,100000 ,8192        ,7.256E+04 ,7.184E+04 ,7.247E+04 ,6.67E+04  ,2.683E+05 ,3.949E+03
memcpy_0_avx_movsb    ,rand SPEC2017   ,1       ,0      ,-1     ,1        ,100000 ,8192        ,7.887E+04 ,7.783E+04 ,7.875E+04 ,7.23E+04  ,1.734E+05 ,4.707E+03
memcpy_0_avx_movsb    ,rand SPEC2017   ,1       ,0      ,-1     ,2        ,100000 ,8192        ,7.538E+04 ,7.308E+04 ,7.515E+04 ,6.61E+04  ,2.726E+05 ,6.196E+03
memcpy_1_avx_movsb    ,rand SPEC2017   ,1       ,0      ,-1     ,0        ,100000 ,8192        ,7.232E+04 ,7.133E+04 ,7.220E+04 ,6.58E+04  ,2.665E+05 ,4.593E+03
memcpy_1_avx_movsb    ,rand SPEC2017   ,1       ,0      ,-1     ,1        ,100000 ,8192        ,7.419E+04 ,7.335E+04 ,7.410E+04 ,6.84E+04  ,2.338E+05 ,3.939E+03
memcpy_1_avx_movsb    ,rand SPEC2017   ,1       ,0      ,-1     ,2        ,100000 ,8192        ,7.316E+04 ,7.108E+04 ,7.294E+04 ,6.44E+04  ,1.705E+05 ,6.175E+03
memcpy_2_avx_movsb    ,rand SPEC2017   ,1       ,0      ,-1     ,0        ,100000 ,8192        ,1.065E+05 ,1.058E+05 ,1.064E+05 ,9.85E+04  ,2.470E+05 ,4.881E+03
memcpy_2_avx_movsb    ,rand SPEC2017   ,1       ,0      ,-1     ,1        ,100000 ,8192        ,1.058E+05 ,1.049E+05 ,1.057E+05 ,9.79E+04  ,2.883E+05 ,4.518E+03
memcpy_2_avx_movsb    ,rand SPEC2017   ,1       ,0      ,-1     ,2        ,100000 ,8192        ,1.084E+05 ,1.080E+05 ,1.084E+05 ,1.02E+05  ,1.976E+05 ,3.635E+03
memcpy_0_avx_movsb    ,rand SPEC2017   ,1       ,0      ,-1     ,0        ,100000 ,8192        ,7.295E+04 ,7.219E+04 ,7.285E+04 ,6.68E+04  ,1.376E+05 ,4.040E+03
memcpy_0_avx_movsb    ,rand SPEC2017   ,1       ,0      ,-1     ,1        ,100000 ,8192        ,7.731E+04 ,7.652E+04 ,7.721E+04 ,7.15E+04  ,1.480E+05 ,4.275E+03
memcpy_0_avx_movsb    ,rand SPEC2017   ,1       ,0      ,-1     ,2        ,100000 ,8192        ,7.501E+04 ,7.275E+04 ,7.477E+04 ,6.62E+04  ,1.681E+05 ,6.260E+03
memcpy_1_avx_movsb    ,rand SPEC2017   ,1       ,0      ,-1     ,0        ,100000 ,8192        ,7.234E+04 ,7.137E+04 ,7.225E+04 ,6.64E+04  ,1.400E+05 ,3.802E+03
memcpy_1_avx_movsb    ,rand SPEC2017   ,1       ,0      ,-1     ,1        ,100000 ,8192        ,7.327E+04 ,7.252E+04 ,7.314E+04 ,6.78E+04  ,1.580E+05 ,4.782E+03
memcpy_1_avx_movsb    ,rand SPEC2017   ,1       ,0      ,-1     ,2        ,100000 ,8192        ,7.211E+04 ,7.018E+04 ,7.193E+04 ,6.45E+04  ,1.387E+05 ,5.467E+03
memcpy_2_avx_movsb    ,rand SPEC2017   ,1       ,0      ,-1     ,0        ,100000 ,8192        ,1.040E+05 ,1.039E+05 ,1.040E+05 ,9.69E+04  ,1.845E+05 ,4.176E+03
memcpy_2_avx_movsb    ,rand SPEC2017   ,1       ,0      ,-1     ,1        ,100000 ,8192        ,1.054E+05 ,1.051E+05 ,1.053E+05 ,9.88E+04  ,1.766E+05 ,3.893E+03
memcpy_2_avx_movsb    ,rand SPEC2017   ,1       ,0      ,-1     ,2        ,100000 ,8192        ,1.078E+05 ,1.077E+05 ,1.077E+05 ,1.01E+05  ,1.848E+05 ,4.480E+03
memcpy_0_avx_movsb    ,rand SPEC2017   ,1       ,0      ,-1     ,0        ,100000 ,8192        ,7.215E+04 ,7.144E+04 ,7.205E+04 ,6.63E+04  ,1.401E+05 ,4.089E+03
memcpy_0_avx_movsb    ,rand SPEC2017   ,1       ,0      ,-1     ,1        ,100000 ,8192        ,7.708E+04 ,7.574E+04 ,7.697E+04 ,7.07E+04  ,1.421E+05 ,4.423E+03
memcpy_0_avx_movsb    ,rand SPEC2017   ,1       ,0      ,-1     ,2        ,100000 ,8192        ,7.453E+04 ,7.216E+04 ,7.426E+04 ,6.57E+04  ,1.674E+05 ,6.814E+03
memcpy_1_avx_movsb    ,rand SPEC2017   ,1       ,0      ,-1     ,0        ,100000 ,8192        ,7.293E+04 ,7.192E+04 ,7.283E+04 ,6.70E+04  ,2.309E+05 ,4.086E+03
memcpy_1_avx_movsb    ,rand SPEC2017   ,1       ,0      ,-1     ,1        ,100000 ,8192        ,7.419E+04 ,7.344E+04 ,7.409E+04 ,6.88E+04  ,2.121E+05 ,4.300E+03
memcpy_1_avx_movsb    ,rand SPEC2017   ,1       ,0      ,-1     ,2        ,100000 ,8192        ,7.294E+04 ,7.077E+04 ,7.270E+04 ,6.50E+04  ,1.758E+05 ,6.323E+03
memcpy_2_avx_movsb    ,rand SPEC2017   ,1       ,0      ,-1     ,0        ,100000 ,8192        ,1.043E+05 ,1.041E+05 ,1.042E+05 ,9.73E+04  ,1.687E+05 ,4.346E+03
memcpy_2_avx_movsb    ,rand SPEC2017   ,1       ,0      ,-1     ,1        ,100000 ,8192        ,1.057E+05 ,1.056E+05 ,1.057E+05 ,9.87E+04  ,1.757E+05 ,4.117E+03
memcpy_2_avx_movsb    ,rand SPEC2017   ,1       ,0      ,-1     ,2        ,100000 ,8192        ,1.056E+05 ,1.055E+05 ,1.055E+05 ,1.00E+05  ,1.923E+05 ,4.456E+03
memcpy_0_avx_movsb    ,rand SPEC2017   ,1       ,0      ,-1     ,0        ,100000 ,8192        ,7.219E+04 ,7.143E+04 ,7.208E+04 ,6.62E+04  ,1.397E+05 ,4.323E+03
memcpy_0_avx_movsb    ,rand SPEC2017   ,1       ,0      ,-1     ,1        ,100000 ,8192        ,7.639E+04 ,7.507E+04 ,7.627E+04 ,7.01E+04  ,1.429E+05 ,4.425E+03
memcpy_0_avx_movsb    ,rand SPEC2017   ,1       ,0      ,-1     ,2        ,100000 ,8192        ,7.554E+04 ,7.328E+04 ,7.533E+04 ,6.67E+04  ,1.505E+05 ,5.869E+03
memcpy_1_avx_movsb    ,rand SPEC2017   ,1       ,0      ,-1     ,0        ,100000 ,8192        ,7.287E+04 ,7.217E+04 ,7.278E+04 ,6.73E+04  ,1.541E+05 ,4.011E+03
memcpy_1_avx_movsb    ,rand SPEC2017   ,1       ,0      ,-1     ,1        ,100000 ,8192        ,7.385E+04 ,7.305E+04 ,7.372E+04 ,6.86E+04  ,1.732E+05 ,4.853E+03
memcpy_1_avx_movsb    ,rand SPEC2017   ,1       ,0      ,-1     ,2        ,100000 ,8192        ,7.203E+04 ,7.007E+04 ,7.181E+04 ,6.46E+04  ,1.455E+05 ,5.878E+03
memcpy_2_avx_movsb    ,rand SPEC2017   ,1       ,0      ,-1     ,0        ,100000 ,8192        ,1.052E+05 ,1.044E+05 ,1.051E+05 ,9.79E+04  ,1.700E+05 ,3.679E+03
memcpy_2_avx_movsb    ,rand SPEC2017   ,1       ,0      ,-1     ,1        ,100000 ,8192        ,1.051E+05 ,1.050E+05 ,1.051E+05 ,9.83E+04  ,1.749E+05 ,3.816E+03
memcpy_2_avx_movsb    ,rand SPEC2017   ,1       ,0      ,-1     ,2        ,100000 ,8192        ,1.078E+05 ,1.079E+05 ,1.077E+05 ,1.02E+05  ,1.854E+05 ,4.220E+03
memcpy_0_avx_movsb    ,rand SPEC2017   ,1       ,0      ,-1     ,0        ,100000 ,8192        ,7.204E+04 ,7.129E+04 ,7.193E+04 ,6.67E+04  ,1.739E+05 ,4.332E+03
memcpy_0_avx_movsb    ,rand SPEC2017   ,1       ,0      ,-1     ,1        ,100000 ,8192        ,7.627E+04 ,7.504E+04 ,7.615E+04 ,7.04E+04  ,1.492E+05 ,4.431E+03
memcpy_0_avx_movsb    ,rand SPEC2017   ,1       ,0      ,-1     ,2        ,100000 ,8192        ,7.502E+04 ,7.284E+04 ,7.477E+04 ,6.63E+04  ,1.843E+05 ,6.360E+03
memcpy_1_avx_movsb    ,rand SPEC2017   ,1       ,0      ,-1     ,0        ,100000 ,8192        ,7.154E+04 ,7.067E+04 ,7.142E+04 ,6.63E+04  ,1.402E+05 ,4.450E+03
memcpy_1_avx_movsb    ,rand SPEC2017   ,1       ,0      ,-1     ,1        ,100000 ,8192        ,7.362E+04 ,7.271E+04 ,7.352E+04 ,6.85E+04  ,1.740E+05 ,4.105E+03
memcpy_1_avx_movsb    ,rand SPEC2017   ,1       ,0      ,-1     ,2        ,100000 ,8192        ,7.225E+04 ,7.035E+04 ,7.204E+04 ,6.44E+04  ,2.594E+05 ,5.910E+03
memcpy_2_avx_movsb    ,rand SPEC2017   ,1       ,0      ,-1     ,0        ,100000 ,8192        ,1.060E+05 ,1.054E+05 ,1.059E+05 ,9.86E+04  ,1.770E+05 ,4.645E+03
memcpy_2_avx_movsb    ,rand SPEC2017   ,1       ,0      ,-1     ,1        ,100000 ,8192        ,1.068E+05 ,1.055E+05 ,1.067E+05 ,1.00E+05  ,1.892E+05 ,4.255E+03
memcpy_2_avx_movsb    ,rand SPEC2017   ,1       ,0      ,-1     ,2        ,100000 ,8192        ,1.098E+05 ,1.086E+05 ,1.097E+05 ,1.01E+05  ,2.741E+05 ,4.608E+03
memcpy_0_avx_movsb    ,rand SPEC2017   ,1       ,0      ,-1     ,0        ,100000 ,8192        ,7.264E+04 ,7.176E+04 ,7.256E+04 ,6.65E+04  ,2.452E+05 ,3.803E+03
memcpy_0_avx_movsb    ,rand SPEC2017   ,1       ,0      ,-1     ,1        ,100000 ,8192        ,7.776E+04 ,7.673E+04 ,7.762E+04 ,7.10E+04  ,3.392E+05 ,5.062E+03
memcpy_0_avx_movsb    ,rand SPEC2017   ,1       ,0      ,-1     ,2        ,100000 ,8192        ,7.676E+04 ,7.455E+04 ,7.651E+04 ,6.71E+04  ,3.285E+05 ,6.366E+03
memcpy_1_avx_movsb    ,rand SPEC2017   ,1       ,0      ,-1     ,0        ,100000 ,8192        ,7.252E+04 ,7.143E+04 ,7.241E+04 ,6.60E+04  ,2.926E+05 ,4.340E+03
memcpy_1_avx_movsb    ,rand SPEC2017   ,1       ,0      ,-1     ,1        ,100000 ,8192        ,7.433E+04 ,7.360E+04 ,7.423E+04 ,6.88E+04  ,2.661E+05 ,4.111E+03
memcpy_1_avx_movsb    ,rand SPEC2017   ,1       ,0      ,-1     ,2        ,100000 ,8192        ,7.323E+04 ,7.108E+04 ,7.303E+04 ,6.47E+04  ,3.135E+05 ,5.707E+03
memcpy_2_avx_movsb    ,rand SPEC2017   ,1       ,0      ,-1     ,0        ,100000 ,8192        ,1.051E+05 ,1.046E+05 ,1.051E+05 ,9.77E+04  ,2.635E+05 ,4.076E+03
memcpy_2_avx_movsb    ,rand SPEC2017   ,1       ,0      ,-1     ,1        ,100000 ,8192        ,1.057E+05 ,1.051E+05 ,1.056E+05 ,9.83E+04  ,2.094E+05 ,3.861E+03
memcpy_2_avx_movsb    ,rand SPEC2017   ,1       ,0      ,-1     ,2        ,100000 ,8192        ,1.088E+05 ,1.082E+05 ,1.087E+05 ,1.01E+05  ,2.744E+05 ,3.692E+03
memcpy_0_avx_movsb    ,rand SPEC2017   ,1       ,0      ,-1     ,0        ,100000 ,8192        ,7.297E+04 ,7.220E+04 ,7.288E+04 ,6.68E+04  ,1.630E+05 ,3.940E+03
memcpy_0_avx_movsb    ,rand SPEC2017   ,1       ,0      ,-1     ,1        ,100000 ,8192        ,7.691E+04 ,7.591E+04 ,7.679E+04 ,7.11E+04  ,2.440E+05 ,4.686E+03
memcpy_0_avx_movsb    ,rand SPEC2017   ,1       ,0      ,-1     ,2        ,100000 ,8192        ,7.452E+04 ,7.233E+04 ,7.427E+04 ,6.60E+04  ,2.388E+05 ,6.283E+03
memcpy_1_avx_movsb    ,rand SPEC2017   ,1       ,0      ,-1     ,0        ,100000 ,8192        ,7.212E+04 ,7.116E+04 ,7.201E+04 ,6.58E+04  ,2.048E+05 ,4.419E+03
memcpy_1_avx_movsb    ,rand SPEC2017   ,1       ,0      ,-1     ,1        ,100000 ,8192        ,7.432E+04 ,7.356E+04 ,7.423E+04 ,6.88E+04  ,2.937E+05 ,4.027E+03
memcpy_1_avx_movsb    ,rand SPEC2017   ,1       ,0      ,-1     ,2        ,100000 ,8192        ,7.307E+04 ,7.092E+04 ,7.286E+04 ,6.49E+04  ,2.491E+05 ,6.040E+03
memcpy_2_avx_movsb    ,rand SPEC2017   ,1       ,0      ,-1     ,0        ,100000 ,8192        ,1.055E+05 ,1.049E+05 ,1.055E+05 ,9.85E+04  ,2.144E+05 ,4.465E+03
memcpy_2_avx_movsb    ,rand SPEC2017   ,1       ,0      ,-1     ,1        ,100000 ,8192        ,1.063E+05 ,1.056E+05 ,1.063E+05 ,9.89E+04  ,2.190E+05 ,3.884E+03
memcpy_2_avx_movsb    ,rand SPEC2017   ,1       ,0      ,-1     ,2        ,100000 ,8192        ,1.076E+05 ,1.074E+05 ,1.075E+05 ,1.01E+05  ,1.999E+05 ,3.951E+03
memcpy_0_avx_movsb    ,rand SPEC2017   ,1       ,0      ,-1     ,0        ,100000 ,8192        ,7.297E+04 ,7.200E+04 ,7.288E+04 ,6.62E+04  ,2.437E+05 ,3.919E+03
memcpy_0_avx_movsb    ,rand SPEC2017   ,1       ,0      ,-1     ,1        ,100000 ,8192        ,7.751E+04 ,7.660E+04 ,7.739E+04 ,7.16E+04  ,2.514E+05 ,4.602E+03
memcpy_0_avx_movsb    ,rand SPEC2017   ,1       ,0      ,-1     ,2        ,100000 ,8192        ,7.518E+04 ,7.286E+04 ,7.496E+04 ,6.62E+04  ,1.879E+05 ,6.078E+03
memcpy_1_avx_movsb    ,rand SPEC2017   ,1       ,0      ,-1     ,0        ,100000 ,8192        ,7.370E+04 ,7.259E+04 ,7.361E+04 ,6.70E+04  ,2.462E+05 ,4.022E+03
memcpy_1_avx_movsb    ,rand SPEC2017   ,1       ,0      ,-1     ,1        ,100000 ,8192        ,7.427E+04 ,7.349E+04 ,7.417E+04 ,6.86E+04  ,2.023E+05 ,4.135E+03
memcpy_1_avx_movsb    ,rand SPEC2017   ,1       ,0      ,-1     ,2        ,100000 ,8192        ,7.298E+04 ,7.084E+04 ,7.277E+04 ,6.51E+04  ,2.423E+05 ,5.915E+03
memcpy_2_avx_movsb    ,rand SPEC2017   ,1       ,0      ,-1     ,0        ,100000 ,8192        ,1.051E+05 ,1.042E+05 ,1.050E+05 ,9.79E+04  ,3.361E+05 ,4.222E+03
memcpy_2_avx_movsb    ,rand SPEC2017   ,1       ,0      ,-1     ,1        ,100000 ,8192        ,1.060E+05 ,1.056E+05 ,1.060E+05 ,9.85E+04  ,3.440E+05 ,4.213E+03
memcpy_2_avx_movsb    ,rand SPEC2017   ,1       ,0      ,-1     ,2        ,100000 ,8192        ,1.091E+05 ,1.086E+05 ,1.090E+05 ,1.02E+05  ,2.320E+05 ,4.728E+03
memcpy_0_avx_movsb    ,rand SPEC2017   ,1       ,0      ,-1     ,0        ,100000 ,8192        ,7.217E+04 ,7.137E+04 ,7.203E+04 ,6.65E+04  ,2.273E+05 ,5.021E+03
memcpy_0_avx_movsb    ,rand SPEC2017   ,1       ,0      ,-1     ,1        ,100000 ,8192        ,7.687E+04 ,7.567E+04 ,7.674E+04 ,7.11E+04  ,1.916E+05 ,4.812E+03
memcpy_0_avx_movsb    ,rand SPEC2017   ,1       ,0      ,-1     ,2        ,100000 ,8192        ,7.445E+04 ,7.238E+04 ,7.423E+04 ,6.48E+04  ,2.294E+05 ,6.023E+03
memcpy_1_avx_movsb    ,rand SPEC2017   ,1       ,0      ,-1     ,0        ,100000 ,8192        ,7.205E+04 ,7.112E+04 ,7.194E+04 ,6.60E+04  ,2.479E+05 ,4.470E+03
memcpy_1_avx_movsb    ,rand SPEC2017   ,1       ,0      ,-1     ,1        ,100000 ,8192        ,7.476E+04 ,7.419E+04 ,7.466E+04 ,6.93E+04  ,1.856E+05 ,4.055E+03
memcpy_1_avx_movsb    ,rand SPEC2017   ,1       ,0      ,-1     ,2        ,100000 ,8192        ,7.282E+04 ,7.086E+04 ,7.260E+04 ,6.48E+04  ,1.819E+05 ,6.013E+03
memcpy_2_avx_movsb    ,rand SPEC2017   ,1       ,0      ,-1     ,0        ,100000 ,8192        ,1.058E+05 ,1.053E+05 ,1.057E+05 ,9.86E+04  ,2.648E+05 ,4.120E+03
memcpy_2_avx_movsb    ,rand SPEC2017   ,1       ,0      ,-1     ,1        ,100000 ,8192        ,1.061E+05 ,1.054E+05 ,1.060E+05 ,9.82E+04  ,2.601E+05 ,4.143E+03
memcpy_2_avx_movsb    ,rand SPEC2017   ,1       ,0      ,-1     ,2        ,100000 ,8192        ,1.095E+05 ,1.092E+05 ,1.094E+05 ,1.02E+05  ,2.700E+05 ,3.799E+03
memcpy_0_avx_movsb    ,rand SPEC2017   ,1       ,0      ,-1     ,0        ,100000 ,8192        ,7.266E+04 ,7.201E+04 ,7.256E+04 ,6.70E+04  ,1.427E+05 ,4.054E+03
memcpy_0_avx_movsb    ,rand SPEC2017   ,1       ,0      ,-1     ,1        ,100000 ,8192        ,7.756E+04 ,7.642E+04 ,7.742E+04 ,7.17E+04  ,2.183E+05 ,4.968E+03
memcpy_0_avx_movsb    ,rand SPEC2017   ,1       ,0      ,-1     ,2        ,100000 ,8192        ,7.458E+04 ,7.237E+04 ,7.435E+04 ,6.59E+04  ,1.860E+05 ,6.223E+03
memcpy_1_avx_movsb    ,rand SPEC2017   ,1       ,0      ,-1     ,0        ,100000 ,8192        ,7.191E+04 ,7.104E+04 ,7.179E+04 ,6.61E+04  ,1.660E+05 ,4.377E+03
memcpy_1_avx_movsb    ,rand SPEC2017   ,1       ,0      ,-1     ,1        ,100000 ,8192        ,7.322E+04 ,7.237E+04 ,7.310E+04 ,6.67E+04  ,2.319E+05 ,4.602E+03
memcpy_1_avx_movsb    ,rand SPEC2017   ,1       ,0      ,-1     ,2        ,100000 ,8192        ,7.275E+04 ,7.070E+04 ,7.252E+04 ,6.48E+04  ,2.796E+05 ,6.070E+03
memcpy_2_avx_movsb    ,rand SPEC2017   ,1       ,0      ,-1     ,0        ,100000 ,8192        ,1.045E+05 ,1.040E+05 ,1.044E+05 ,9.75E+04  ,2.490E+05 ,4.047E+03
memcpy_2_avx_movsb    ,rand SPEC2017   ,1       ,0      ,-1     ,1        ,100000 ,8192        ,1.050E+05 ,1.045E+05 ,1.050E+05 ,9.79E+04  ,2.785E+05 ,3.995E+03
memcpy_2_avx_movsb    ,rand SPEC2017   ,1       ,0      ,-1     ,2        ,100000 ,8192        ,1.069E+05 ,1.068E+05 ,1.068E+05 ,9.99E+04  ,2.470E+05 ,3.892E+03
memcpy_0_avx_movsb    ,rand SPEC2017   ,1       ,0      ,-1     ,0        ,100000 ,8192        ,7.251E+04 ,7.179E+04 ,7.243E+04 ,6.68E+04  ,1.897E+05 ,3.579E+03
memcpy_0_avx_movsb    ,rand SPEC2017   ,1       ,0      ,-1     ,1        ,100000 ,8192        ,7.650E+04 ,7.556E+04 ,7.637E+04 ,7.09E+04  ,1.813E+05 ,4.755E+03
memcpy_0_avx_movsb    ,rand SPEC2017   ,1       ,0      ,-1     ,2        ,100000 ,8192        ,7.558E+04 ,7.336E+04 ,7.538E+04 ,6.65E+04  ,2.356E+05 ,5.670E+03
memcpy_1_avx_movsb    ,rand SPEC2017   ,1       ,0      ,-1     ,0        ,100000 ,8192        ,7.267E+04 ,7.166E+04 ,7.258E+04 ,6.67E+04  ,2.334E+05 ,3.936E+03
memcpy_1_avx_movsb    ,rand SPEC2017   ,1       ,0      ,-1     ,1        ,100000 ,8192        ,7.428E+04 ,7.345E+04 ,7.420E+04 ,6.84E+04  ,2.438E+05 ,3.695E+03
memcpy_1_avx_movsb    ,rand SPEC2017   ,1       ,0      ,-1     ,2        ,100000 ,8192        ,7.237E+04 ,7.033E+04 ,7.217E+04 ,6.47E+04  ,3.146E+05 ,5.795E+03
memcpy_2_avx_movsb    ,rand SPEC2017   ,1       ,0      ,-1     ,0        ,100000 ,8192        ,1.048E+05 ,1.042E+05 ,1.047E+05 ,9.82E+04  ,2.338E+05 ,3.674E+03
memcpy_2_avx_movsb    ,rand SPEC2017   ,1       ,0      ,-1     ,1        ,100000 ,8192        ,1.057E+05 ,1.054E+05 ,1.056E+05 ,9.86E+04  ,2.770E+05 ,4.251E+03
memcpy_2_avx_movsb    ,rand SPEC2017   ,1       ,0      ,-1     ,2        ,100000 ,8192        ,1.081E+05 ,1.076E+05 ,1.081E+05 ,1.01E+05  ,2.526E+05 ,4.017E+03
memcpy_0_avx_movsb    ,rand SPEC2017   ,1       ,0      ,-1     ,0        ,100000 ,8192        ,7.239E+04 ,7.175E+04 ,7.231E+04 ,6.66E+04  ,2.654E+05 ,3.535E+03
memcpy_0_avx_movsb    ,rand SPEC2017   ,1       ,0      ,-1     ,1        ,100000 ,8192        ,7.715E+04 ,7.608E+04 ,7.702E+04 ,7.12E+04  ,1.388E+05 ,4.741E+03
memcpy_0_avx_movsb    ,rand SPEC2017   ,1       ,0      ,-1     ,2        ,100000 ,8192        ,7.496E+04 ,7.270E+04 ,7.474E+04 ,6.58E+04  ,1.859E+05 ,6.093E+03
memcpy_1_avx_movsb    ,rand SPEC2017   ,1       ,0      ,-1     ,0        ,100000 ,8192        ,7.259E+04 ,7.175E+04 ,7.248E+04 ,6.67E+04  ,2.484E+05 ,4.282E+03
memcpy_1_avx_movsb    ,rand SPEC2017   ,1       ,0      ,-1     ,1        ,100000 ,8192        ,7.344E+04 ,7.270E+04 ,7.333E+04 ,6.82E+04  ,2.114E+05 ,4.440E+03
memcpy_1_avx_movsb    ,rand SPEC2017   ,1       ,0      ,-1     ,2        ,100000 ,8192        ,7.236E+04 ,7.032E+04 ,7.214E+04 ,6.48E+04  ,2.071E+05 ,5.995E+03
memcpy_2_avx_movsb    ,rand SPEC2017   ,1       ,0      ,-1     ,0        ,100000 ,8192        ,1.054E+05 ,1.048E+05 ,1.053E+05 ,9.82E+04  ,2.473E+05 ,4.422E+03
memcpy_2_avx_movsb    ,rand SPEC2017   ,1       ,0      ,-1     ,1        ,100000 ,8192        ,1.049E+05 ,1.048E+05 ,1.048E+05 ,9.87E+04  ,2.804E+05 ,4.452E+03
memcpy_2_avx_movsb    ,rand SPEC2017   ,1       ,0      ,-1     ,2        ,100000 ,8192        ,1.080E+05 ,1.079E+05 ,1.079E+05 ,1.01E+05  ,2.173E+05 ,4.530E+03
memcpy_0_avx_movsb    ,rand SPEC2017   ,1       ,0      ,-1     ,0        ,100000 ,8192        ,7.255E+04 ,7.182E+04 ,7.247E+04 ,6.67E+04  ,2.409E+05 ,3.702E+03
memcpy_0_avx_movsb    ,rand SPEC2017   ,1       ,0      ,-1     ,1        ,100000 ,8192        ,7.688E+04 ,7.612E+04 ,7.677E+04 ,7.12E+04  ,1.711E+05 ,4.471E+03
memcpy_0_avx_movsb    ,rand SPEC2017   ,1       ,0      ,-1     ,2        ,100000 ,8192        ,7.510E+04 ,7.288E+04 ,7.489E+04 ,6.60E+04  ,2.375E+05 ,5.850E+03
memcpy_1_avx_movsb    ,rand SPEC2017   ,1       ,0      ,-1     ,0        ,100000 ,8192        ,7.298E+04 ,7.204E+04 ,7.290E+04 ,6.64E+04  ,1.925E+05 ,3.750E+03
memcpy_1_avx_movsb    ,rand SPEC2017   ,1       ,0      ,-1     ,1        ,100000 ,8192        ,7.410E+04 ,7.338E+04 ,7.400E+04 ,6.85E+04  ,2.359E+05 ,4.041E+03
memcpy_1_avx_movsb    ,rand SPEC2017   ,1       ,0      ,-1     ,2        ,100000 ,8192        ,7.238E+04 ,7.034E+04 ,7.216E+04 ,6.42E+04  ,1.595E+05 ,5.914E+03
memcpy_2_avx_movsb    ,rand SPEC2017   ,1       ,0      ,-1     ,0        ,100000 ,8192        ,1.052E+05 ,1.042E+05 ,1.051E+05 ,9.74E+04  ,2.665E+05 ,4.045E+03
memcpy_2_avx_movsb    ,rand SPEC2017   ,1       ,0      ,-1     ,1        ,100000 ,8192        ,1.060E+05 ,1.053E+05 ,1.059E+05 ,9.91E+04  ,2.656E+05 ,4.593E+03
memcpy_2_avx_movsb    ,rand SPEC2017   ,1       ,0      ,-1     ,2        ,100000 ,8192        ,1.080E+05 ,1.075E+05 ,1.080E+05 ,1.01E+05  ,2.557E+05 ,3.657E+03
memcpy_0_avx_movsb    ,rand SPEC2017   ,1       ,0      ,-1     ,0        ,100000 ,8192        ,7.251E+04 ,7.185E+04 ,7.241E+04 ,6.66E+04  ,1.928E+05 ,4.199E+03
memcpy_0_avx_movsb    ,rand SPEC2017   ,1       ,0      ,-1     ,1        ,100000 ,8192        ,7.684E+04 ,7.615E+04 ,7.672E+04 ,7.08E+04  ,2.296E+05 ,4.637E+03
memcpy_0_avx_movsb    ,rand SPEC2017   ,1       ,0      ,-1     ,2        ,100000 ,8192        ,7.655E+04 ,7.426E+04 ,7.631E+04 ,6.69E+04  ,2.246E+05 ,6.323E+03
memcpy_1_avx_movsb    ,rand SPEC2017   ,1       ,0      ,-1     ,0        ,100000 ,8192        ,7.249E+04 ,7.157E+04 ,7.240E+04 ,6.70E+04  ,1.707E+05 ,3.873E+03
memcpy_1_avx_movsb    ,rand SPEC2017   ,1       ,0      ,-1     ,1        ,100000 ,8192        ,7.435E+04 ,7.343E+04 ,7.426E+04 ,6.83E+04  ,2.522E+05 ,3.883E+03
memcpy_1_avx_movsb    ,rand SPEC2017   ,1       ,0      ,-1     ,2        ,100000 ,8192        ,7.325E+04 ,7.101E+04 ,7.303E+04 ,6.48E+04  ,2.622E+05 ,5.988E+03
memcpy_2_avx_movsb    ,rand SPEC2017   ,1       ,0      ,-1     ,0        ,100000 ,8192        ,1.051E+05 ,1.047E+05 ,1.051E+05 ,9.78E+04  ,2.817E+05 ,3.821E+03
memcpy_2_avx_movsb    ,rand SPEC2017   ,1       ,0      ,-1     ,1        ,100000 ,8192        ,1.056E+05 ,1.052E+05 ,1.055E+05 ,9.93E+04  ,2.998E+05 ,4.293E+03
memcpy_2_avx_movsb    ,rand SPEC2017   ,1       ,0      ,-1     ,2        ,100000 ,8192        ,1.086E+05 ,1.081E+05 ,1.085E+05 ,1.02E+05  ,2.649E+05 ,4.058E+03
memcpy_0_avx_movsb    ,rand SPEC2017   ,1       ,0      ,-1     ,0        ,100000 ,8192        ,7.387E+04 ,7.313E+04 ,7.378E+04 ,6.78E+04  ,2.194E+05 ,3.884E+03
memcpy_0_avx_movsb    ,rand SPEC2017   ,1       ,0      ,-1     ,1        ,100000 ,8192        ,7.722E+04 ,7.628E+04 ,7.709E+04 ,7.09E+04  ,1.912E+05 ,4.762E+03
memcpy_0_avx_movsb    ,rand SPEC2017   ,1       ,0      ,-1     ,2        ,100000 ,8192        ,7.493E+04 ,7.279E+04 ,7.471E+04 ,6.62E+04  ,1.852E+05 ,5.953E+03
memcpy_1_avx_movsb    ,rand SPEC2017   ,1       ,0      ,-1     ,0        ,100000 ,8192        ,7.233E+04 ,7.140E+04 ,7.224E+04 ,6.65E+04  ,2.367E+05 ,3.974E+03
memcpy_1_avx_movsb    ,rand SPEC2017   ,1       ,0      ,-1     ,1        ,100000 ,8192        ,7.375E+04 ,7.282E+04 ,7.365E+04 ,6.79E+04  ,2.464E+05 ,4.174E+03
memcpy_1_avx_movsb    ,rand SPEC2017   ,1       ,0      ,-1     ,2        ,100000 ,8192        ,7.315E+04 ,7.096E+04 ,7.295E+04 ,6.48E+04  ,2.228E+05 ,5.702E+03
memcpy_2_avx_movsb    ,rand SPEC2017   ,1       ,0      ,-1     ,0        ,100000 ,8192        ,1.055E+05 ,1.043E+05 ,1.054E+05 ,9.83E+04  ,2.657E+05 ,4.249E+03
memcpy_2_avx_movsb    ,rand SPEC2017   ,1       ,0      ,-1     ,1        ,100000 ,8192        ,1.066E+05 ,1.062E+05 ,1.066E+05 ,9.88E+04  ,2.354E+05 ,3.911E+03
memcpy_2_avx_movsb    ,rand SPEC2017   ,1       ,0      ,-1     ,2        ,100000 ,8192        ,1.086E+05 ,1.082E+05 ,1.086E+05 ,1.01E+05  ,3.076E+05 ,3.673E+03
memcpy_0_avx_movsb    ,rand SPEC2017   ,1       ,0      ,-1     ,0        ,100000 ,8192        ,7.298E+04 ,7.212E+04 ,7.290E+04 ,6.71E+04  ,2.255E+05 ,3.584E+03
memcpy_0_avx_movsb    ,rand SPEC2017   ,1       ,0      ,-1     ,1        ,100000 ,8192        ,7.801E+04 ,7.713E+04 ,7.790E+04 ,7.12E+04  ,2.379E+05 ,4.408E+03
memcpy_0_avx_movsb    ,rand SPEC2017   ,1       ,0      ,-1     ,2        ,100000 ,8192        ,7.530E+04 ,7.305E+04 ,7.510E+04 ,6.65E+04  ,2.276E+05 ,5.736E+03
memcpy_1_avx_movsb    ,rand SPEC2017   ,1       ,0      ,-1     ,0        ,100000 ,8192        ,7.256E+04 ,7.154E+04 ,7.247E+04 ,6.68E+04  ,1.897E+05 ,3.950E+03
memcpy_1_avx_movsb    ,rand SPEC2017   ,1       ,0      ,-1     ,1        ,100000 ,8192        ,7.422E+04 ,7.348E+04 ,7.414E+04 ,6.85E+04  ,2.519E+05 ,3.742E+03
memcpy_1_avx_movsb    ,rand SPEC2017   ,1       ,0      ,-1     ,2        ,100000 ,8192        ,7.308E+04 ,7.093E+04 ,7.287E+04 ,6.49E+04  ,1.948E+05 ,5.845E+03
memcpy_2_avx_movsb    ,rand SPEC2017   ,1       ,0      ,-1     ,0        ,100000 ,8192        ,1.058E+05 ,1.052E+05 ,1.057E+05 ,9.83E+04  ,2.553E+05 ,3.961E+03
memcpy_2_avx_movsb    ,rand SPEC2017   ,1       ,0      ,-1     ,1        ,100000 ,8192        ,1.063E+05 ,1.056E+05 ,1.062E+05 ,9.88E+04  ,2.378E+05 ,3.763E+03
memcpy_2_avx_movsb    ,rand SPEC2017   ,1       ,0      ,-1     ,2        ,100000 ,8192        ,1.076E+05 ,1.071E+05 ,1.075E+05 ,1.01E+05  ,2.890E+05 ,4.783E+03
memcpy_0_avx_movsb    ,rand SPEC2017   ,1       ,0      ,-1     ,0        ,100000 ,8192        ,7.280E+04 ,7.191E+04 ,7.271E+04 ,6.66E+04  ,2.217E+05 ,3.940E+03
memcpy_0_avx_movsb    ,rand SPEC2017   ,1       ,0      ,-1     ,1        ,100000 ,8192        ,7.682E+04 ,7.613E+04 ,7.671E+04 ,7.11E+04  ,1.854E+05 ,4.567E+03
memcpy_0_avx_movsb    ,rand SPEC2017   ,1       ,0      ,-1     ,2        ,100000 ,8192        ,7.583E+04 ,7.353E+04 ,7.561E+04 ,6.63E+04  ,2.685E+05 ,6.004E+03
memcpy_1_avx_movsb    ,rand SPEC2017   ,1       ,0      ,-1     ,0        ,100000 ,8192        ,7.269E+04 ,7.167E+04 ,7.260E+04 ,6.64E+04  ,2.005E+05 ,3.704E+03
memcpy_1_avx_movsb    ,rand SPEC2017   ,1       ,0      ,-1     ,1        ,100000 ,8192        ,7.401E+04 ,7.304E+04 ,7.391E+04 ,6.81E+04  ,2.790E+05 ,4.005E+03
memcpy_1_avx_movsb    ,rand SPEC2017   ,1       ,0      ,-1     ,2        ,100000 ,8192        ,7.280E+04 ,7.073E+04 ,7.260E+04 ,6.47E+04  ,2.863E+05 ,5.775E+03
memcpy_2_avx_movsb    ,rand SPEC2017   ,1       ,0      ,-1     ,0        ,100000 ,8192        ,1.049E+05 ,1.042E+05 ,1.048E+05 ,9.78E+04  ,3.101E+05 ,4.100E+03
memcpy_2_avx_movsb    ,rand SPEC2017   ,1       ,0      ,-1     ,1        ,100000 ,8192        ,1.067E+05 ,1.063E+05 ,1.066E+05 ,9.88E+04  ,2.695E+05 ,4.100E+03
memcpy_2_avx_movsb    ,rand SPEC2017   ,1       ,0      ,-1     ,2        ,100000 ,8192        ,1.092E+05 ,1.082E+05 ,1.091E+05 ,1.02E+05  ,2.389E+05 ,3.630E+03
memcpy_0_avx_movsb    ,rand SPEC2017   ,1       ,0      ,-1     ,0        ,100000 ,8192        ,7.341E+04 ,7.267E+04 ,7.333E+04 ,6.66E+04  ,2.874E+05 ,3.924E+03
memcpy_0_avx_movsb    ,rand SPEC2017   ,1       ,0      ,-1     ,1        ,100000 ,8192        ,7.723E+04 ,7.639E+04 ,7.711E+04 ,7.12E+04  ,2.231E+05 ,4.615E+03
memcpy_0_avx_movsb    ,rand SPEC2017   ,1       ,0      ,-1     ,2        ,100000 ,8192        ,7.605E+04 ,7.376E+04 ,7.579E+04 ,6.69E+04  ,3.144E+05 ,6.604E+03
memcpy_1_avx_movsb    ,rand SPEC2017   ,1       ,0      ,-1     ,0        ,100000 ,8192        ,7.269E+04 ,7.162E+04 ,7.259E+04 ,6.62E+04  ,2.409E+05 ,4.097E+03
memcpy_1_avx_movsb    ,rand SPEC2017   ,1       ,0      ,-1     ,1        ,100000 ,8192        ,7.350E+04 ,7.277E+04 ,7.339E+04 ,6.79E+04  ,3.006E+05 ,4.381E+03
memcpy_1_avx_movsb    ,rand SPEC2017   ,1       ,0      ,-1     ,2        ,100000 ,8192        ,7.273E+04 ,7.056E+04 ,7.250E+04 ,6.45E+04  ,3.086E+05 ,6.298E+03
memcpy_2_avx_movsb    ,rand SPEC2017   ,1       ,0      ,-1     ,0        ,100000 ,8192        ,1.042E+05 ,1.038E+05 ,1.042E+05 ,9.74E+04  ,2.329E+05 ,4.022E+03
memcpy_2_avx_movsb    ,rand SPEC2017   ,1       ,0      ,-1     ,1        ,100000 ,8192        ,1.053E+05 ,1.049E+05 ,1.052E+05 ,9.85E+04  ,3.196E+05 ,4.921E+03
memcpy_2_avx_movsb    ,rand SPEC2017   ,1       ,0      ,-1     ,2        ,100000 ,8192        ,1.089E+05 ,1.086E+05 ,1.088E+05 ,1.02E+05  ,2.555E+05 ,4.162E+03
memcpy_0_avx_movsb    ,rand SPEC2017   ,1       ,0      ,-1     ,0        ,100000 ,8192        ,7.267E+04 ,7.184E+04 ,7.258E+04 ,6.61E+04  ,2.483E+05 ,3.993E+03
memcpy_0_avx_movsb    ,rand SPEC2017   ,1       ,0      ,-1     ,1        ,100000 ,8192        ,7.721E+04 ,7.627E+04 ,7.707E+04 ,7.07E+04  ,2.503E+05 ,4.896E+03
memcpy_0_avx_movsb    ,rand SPEC2017   ,1       ,0      ,-1     ,2        ,100000 ,8192        ,7.519E+04 ,7.298E+04 ,7.494E+04 ,6.60E+04  ,2.443E+05 ,6.304E+03
memcpy_1_avx_movsb    ,rand SPEC2017   ,1       ,0      ,-1     ,0        ,100000 ,8192        ,7.277E+04 ,7.153E+04 ,7.267E+04 ,6.64E+04  ,2.528E+05 ,4.100E+03
memcpy_1_avx_movsb    ,rand SPEC2017   ,1       ,0      ,-1     ,1        ,100000 ,8192        ,7.411E+04 ,7.336E+04 ,7.401E+04 ,6.84E+04  ,2.458E+05 ,4.036E+03
memcpy_1_avx_movsb    ,rand SPEC2017   ,1       ,0      ,-1     ,2        ,100000 ,8192        ,7.341E+04 ,7.122E+04 ,7.321E+04 ,6.53E+04  ,2.557E+05 ,5.864E+03
memcpy_2_avx_movsb    ,rand SPEC2017   ,1       ,0      ,-1     ,0        ,100000 ,8192        ,1.052E+05 ,1.045E+05 ,1.051E+05 ,9.72E+04  ,3.541E+05 ,4.417E+03
memcpy_2_avx_movsb    ,rand SPEC2017   ,1       ,0      ,-1     ,1        ,100000 ,8192        ,1.058E+05 ,1.054E+05 ,1.057E+05 ,9.92E+04  ,3.100E+05 ,4.232E+03
memcpy_2_avx_movsb    ,rand SPEC2017   ,1       ,0      ,-1     ,2        ,100000 ,8192        ,1.075E+05 ,1.074E+05 ,1.074E+05 ,1.01E+05  ,2.578E+05 ,4.144E+03
memcpy_0_avx_movsb    ,rand SPEC2017   ,1       ,0      ,-1     ,0        ,100000 ,8192        ,7.320E+04 ,7.254E+04 ,7.312E+04 ,6.63E+04  ,2.113E+05 ,3.803E+03
memcpy_0_avx_movsb    ,rand SPEC2017   ,1       ,0      ,-1     ,1        ,100000 ,8192        ,7.734E+04 ,7.638E+04 ,7.721E+04 ,7.09E+04  ,2.444E+05 ,4.729E+03
memcpy_0_avx_movsb    ,rand SPEC2017   ,1       ,0      ,-1     ,2        ,100000 ,8192        ,7.570E+04 ,7.348E+04 ,7.547E+04 ,6.62E+04  ,2.056E+05 ,6.122E+03
memcpy_1_avx_movsb    ,rand SPEC2017   ,1       ,0      ,-1     ,0        ,100000 ,8192        ,7.273E+04 ,7.179E+04 ,7.264E+04 ,6.68E+04  ,2.507E+05 ,3.938E+03
memcpy_1_avx_movsb    ,rand SPEC2017   ,1       ,0      ,-1     ,1        ,100000 ,8192        ,7.445E+04 ,7.362E+04 ,7.433E+04 ,6.88E+04  ,2.379E+05 ,4.554E+03
memcpy_1_avx_movsb    ,rand SPEC2017   ,1       ,0      ,-1     ,2        ,100000 ,8192        ,7.334E+04 ,7.105E+04 ,7.311E+04 ,6.47E+04  ,1.892E+05 ,6.172E+03
memcpy_2_avx_movsb    ,rand SPEC2017   ,1       ,0      ,-1     ,0        ,100000 ,8192        ,1.056E+05 ,1.047E+05 ,1.056E+05 ,9.76E+04  ,3.273E+05 ,4.656E+03
memcpy_2_avx_movsb    ,rand SPEC2017   ,1       ,0      ,-1     ,1        ,100000 ,8192        ,1.065E+05 ,1.055E+05 ,1.065E+05 ,9.83E+04  ,3.277E+05 ,4.465E+03
memcpy_2_avx_movsb    ,rand SPEC2017   ,1       ,0      ,-1     ,2        ,100000 ,8192        ,1.083E+05 ,1.076E+05 ,1.083E+05 ,1.02E+05  ,2.597E+05 ,3.972E+03
memcpy_0_avx_movsb    ,rand SPEC2017   ,1       ,0      ,-1     ,0        ,100000 ,8192        ,7.277E+04 ,7.193E+04 ,7.269E+04 ,6.69E+04  ,2.430E+05 ,3.881E+03
memcpy_0_avx_movsb    ,rand SPEC2017   ,1       ,0      ,-1     ,1        ,100000 ,8192        ,7.747E+04 ,7.662E+04 ,7.736E+04 ,7.14E+04  ,2.240E+05 ,4.514E+03
memcpy_0_avx_movsb    ,rand SPEC2017   ,1       ,0      ,-1     ,2        ,100000 ,8192        ,7.525E+04 ,7.306E+04 ,7.501E+04 ,6.57E+04  ,2.308E+05 ,6.265E+03
memcpy_1_avx_movsb    ,rand SPEC2017   ,1       ,0      ,-1     ,0        ,100000 ,8192        ,7.325E+04 ,7.218E+04 ,7.314E+04 ,6.71E+04  ,2.518E+05 ,4.348E+03
memcpy_1_avx_movsb    ,rand SPEC2017   ,1       ,0      ,-1     ,1        ,100000 ,8192        ,7.459E+04 ,7.365E+04 ,7.451E+04 ,6.86E+04  ,2.753E+05 ,3.870E+03
memcpy_1_avx_movsb    ,rand SPEC2017   ,1       ,0      ,-1     ,2        ,100000 ,8192        ,7.348E+04 ,7.110E+04 ,7.325E+04 ,6.53E+04  ,1.987E+05 ,6.353E+03
memcpy_2_avx_movsb    ,rand SPEC2017   ,1       ,0      ,-1     ,0        ,100000 ,8192        ,1.060E+05 ,1.053E+05 ,1.060E+05 ,9.80E+04  ,2.606E+05 ,4.034E+03
memcpy_2_avx_movsb    ,rand SPEC2017   ,1       ,0      ,-1     ,1        ,100000 ,8192        ,1.064E+05 ,1.057E+05 ,1.063E+05 ,9.93E+04  ,2.620E+05 ,4.097E+03
memcpy_2_avx_movsb    ,rand SPEC2017   ,1       ,0      ,-1     ,2        ,100000 ,8192        ,1.080E+05 ,1.076E+05 ,1.080E+05 ,1.01E+05  ,2.661E+05 ,3.409E+03
memcpy_0_avx_movsb    ,rand SPEC2017   ,1       ,0      ,-1     ,0        ,100000 ,8192        ,7.275E+04 ,7.200E+04 ,7.266E+04 ,6.62E+04  ,2.558E+05 ,3.896E+03
memcpy_0_avx_movsb    ,rand SPEC2017   ,1       ,0      ,-1     ,1        ,100000 ,8192        ,7.801E+04 ,7.700E+04 ,7.788E+04 ,7.16E+04  ,2.503E+05 ,4.778E+03
memcpy_0_avx_movsb    ,rand SPEC2017   ,1       ,0      ,-1     ,2        ,100000 ,8192        ,7.634E+04 ,7.406E+04 ,7.611E+04 ,6.71E+04  ,2.283E+05 ,6.215E+03
memcpy_1_avx_movsb    ,rand SPEC2017   ,1       ,0      ,-1     ,0        ,100000 ,8192        ,7.370E+04 ,7.282E+04 ,7.362E+04 ,6.75E+04  ,1.759E+05 ,3.676E+03
memcpy_1_avx_movsb    ,rand SPEC2017   ,1       ,0      ,-1     ,1        ,100000 ,8192        ,7.437E+04 ,7.341E+04 ,7.428E+04 ,6.87E+04  ,2.533E+05 ,3.928E+03
memcpy_1_avx_movsb    ,rand SPEC2017   ,1       ,0      ,-1     ,2        ,100000 ,8192        ,7.314E+04 ,7.098E+04 ,7.293E+04 ,6.50E+04  ,2.624E+05 ,5.732E+03
memcpy_2_avx_movsb    ,rand SPEC2017   ,1       ,0      ,-1     ,0        ,100000 ,8192        ,1.053E+05 ,1.048E+05 ,1.052E+05 ,9.82E+04  ,2.549E+05 ,3.908E+03
memcpy_2_avx_movsb    ,rand SPEC2017   ,1       ,0      ,-1     ,1        ,100000 ,8192        ,1.062E+05 ,1.055E+05 ,1.062E+05 ,9.89E+04  ,2.487E+05 ,4.042E+03
memcpy_2_avx_movsb    ,rand SPEC2017   ,1       ,0      ,-1     ,2        ,100000 ,8192        ,1.100E+05 ,1.099E+05 ,1.099E+05 ,1.02E+05  ,2.504E+05 ,4.406E+03
memcpy_0_avx_movsb    ,rand SPEC2017   ,1       ,0      ,-1     ,0        ,100000 ,8192        ,7.325E+04 ,7.248E+04 ,7.314E+04 ,6.68E+04  ,2.307E+05 ,4.351E+03
memcpy_0_avx_movsb    ,rand SPEC2017   ,1       ,0      ,-1     ,1        ,100000 ,8192        ,7.692E+04 ,7.605E+04 ,7.679E+04 ,7.08E+04  ,2.537E+05 ,4.862E+03
memcpy_0_avx_movsb    ,rand SPEC2017   ,1       ,0      ,-1     ,2        ,100000 ,8192        ,7.621E+04 ,7.392E+04 ,7.596E+04 ,6.59E+04  ,2.239E+05 ,6.433E+03
memcpy_1_avx_movsb    ,rand SPEC2017   ,1       ,0      ,-1     ,0        ,100000 ,8192        ,7.339E+04 ,7.222E+04 ,7.329E+04 ,6.70E+04  ,1.923E+05 ,4.045E+03
memcpy_1_avx_movsb    ,rand SPEC2017   ,1       ,0      ,-1     ,1        ,100000 ,8192        ,7.482E+04 ,7.380E+04 ,7.473E+04 ,6.90E+04  ,2.801E+05 ,4.061E+03
memcpy_1_avx_movsb    ,rand SPEC2017   ,1       ,0      ,-1     ,2        ,100000 ,8192        ,7.294E+04 ,7.096E+04 ,7.274E+04 ,6.45E+04  ,2.575E+05 ,5.644E+03
memcpy_2_avx_movsb    ,rand SPEC2017   ,1       ,0      ,-1     ,0        ,100000 ,8192        ,1.043E+05 ,1.037E+05 ,1.042E+05 ,9.77E+04  ,2.611E+05 ,3.945E+03
memcpy_2_avx_movsb    ,rand SPEC2017   ,1       ,0      ,-1     ,1        ,100000 ,8192        ,1.060E+05 ,1.051E+05 ,1.060E+05 ,9.90E+04  ,3.139E+05 ,4.074E+03
memcpy_2_avx_movsb    ,rand SPEC2017   ,1       ,0      ,-1     ,2        ,100000 ,8192        ,1.084E+05 ,1.079E+05 ,1.083E+05 ,1.02E+05  ,2.547E+05 ,4.050E+03
memcpy_0_avx_movsb    ,rand SPEC2017   ,1       ,0      ,-1     ,0        ,100000 ,8192        ,7.286E+04 ,7.206E+04 ,7.278E+04 ,6.69E+04  ,2.527E+05 ,3.775E+03
memcpy_0_avx_movsb    ,rand SPEC2017   ,1       ,0      ,-1     ,1        ,100000 ,8192        ,7.807E+04 ,7.693E+04 ,7.797E+04 ,7.18E+04  ,2.729E+05 ,4.188E+03
memcpy_0_avx_movsb    ,rand SPEC2017   ,1       ,0      ,-1     ,2        ,100000 ,8192        ,7.521E+04 ,7.286E+04 ,7.497E+04 ,6.61E+04  ,3.159E+05 ,6.250E+03
memcpy_1_avx_movsb    ,rand SPEC2017   ,1       ,0      ,-1     ,0        ,100000 ,8192        ,7.311E+04 ,7.217E+04 ,7.302E+04 ,6.65E+04  ,2.317E+05 ,3.876E+03
memcpy_1_avx_movsb    ,rand SPEC2017   ,1       ,0      ,-1     ,1        ,100000 ,8192        ,7.441E+04 ,7.354E+04 ,7.431E+04 ,6.81E+04  ,2.006E+05 ,4.053E+03
memcpy_1_avx_movsb    ,rand SPEC2017   ,1       ,0      ,-1     ,2        ,100000 ,8192        ,7.327E+04 ,7.098E+04 ,7.303E+04 ,6.53E+04  ,1.901E+05 ,6.345E+03
memcpy_2_avx_movsb    ,rand SPEC2017   ,1       ,0      ,-1     ,0        ,100000 ,8192        ,1.059E+05 ,1.052E+05 ,1.058E+05 ,9.81E+04  ,2.453E+05 ,4.244E+03
memcpy_2_avx_movsb    ,rand SPEC2017   ,1       ,0      ,-1     ,1        ,100000 ,8192        ,1.054E+05 ,1.049E+05 ,1.054E+05 ,9.78E+04  ,2.788E+05 ,4.071E+03
memcpy_2_avx_movsb    ,rand SPEC2017   ,1       ,0      ,-1     ,2        ,100000 ,8192        ,1.083E+05 ,1.078E+05 ,1.082E+05 ,1.02E+05  ,2.496E+05 ,4.086E+03
memcpy_0_avx_movsb    ,rand SPEC2017   ,1       ,0      ,-1     ,0        ,100000 ,8192        ,7.277E+04 ,7.192E+04 ,7.269E+04 ,6.66E+04  ,2.276E+05 ,3.759E+03
memcpy_0_avx_movsb    ,rand SPEC2017   ,1       ,0      ,-1     ,1        ,100000 ,8192        ,7.750E+04 ,7.658E+04 ,7.738E+04 ,7.13E+04  ,2.039E+05 ,4.677E+03
memcpy_0_avx_movsb    ,rand SPEC2017   ,1       ,0      ,-1     ,2        ,100000 ,8192        ,7.716E+04 ,7.485E+04 ,7.690E+04 ,6.65E+04  ,2.627E+05 ,6.710E+03
memcpy_1_avx_movsb    ,rand SPEC2017   ,1       ,0      ,-1     ,0        ,100000 ,8192        ,7.258E+04 ,7.152E+04 ,7.249E+04 ,6.69E+04  ,2.506E+05 ,3.848E+03
memcpy_1_avx_movsb    ,rand SPEC2017   ,1       ,0      ,-1     ,1        ,100000 ,8192        ,7.538E+04 ,7.486E+04 ,7.530E+04 ,6.93E+04  ,1.860E+05 ,3.749E+03
memcpy_1_avx_movsb    ,rand SPEC2017   ,1       ,0      ,-1     ,2        ,100000 ,8192        ,7.375E+04 ,7.164E+04 ,7.355E+04 ,6.59E+04  ,2.575E+05 ,5.779E+03
memcpy_2_avx_movsb    ,rand SPEC2017   ,1       ,0      ,-1     ,0        ,100000 ,8192        ,1.059E+05 ,1.050E+05 ,1.058E+05 ,9.91E+04  ,2.621E+05 ,4.043E+03
memcpy_2_avx_movsb    ,rand SPEC2017   ,1       ,0      ,-1     ,1        ,100000 ,8192        ,1.070E+05 ,1.063E+05 ,1.069E+05 ,9.99E+04  ,2.484E+05 ,3.966E+03
memcpy_2_avx_movsb    ,rand SPEC2017   ,1       ,0      ,-1     ,2        ,100000 ,8192        ,1.085E+05 ,1.074E+05 ,1.085E+05 ,1.01E+05  ,2.755E+05 ,4.310E+03
memcpy_0_avx_movsb    ,rand SPEC2017   ,1       ,0      ,-1     ,0        ,100000 ,8192        ,7.362E+04 ,7.263E+04 ,7.354E+04 ,6.80E+04  ,1.975E+05 ,3.781E+03
memcpy_0_avx_movsb    ,rand SPEC2017   ,1       ,0      ,-1     ,1        ,100000 ,8192        ,7.776E+04 ,7.684E+04 ,7.767E+04 ,7.13E+04  ,2.222E+05 ,4.069E+03
memcpy_0_avx_movsb    ,rand SPEC2017   ,1       ,0      ,-1     ,2        ,100000 ,8192        ,7.576E+04 ,7.348E+04 ,7.551E+04 ,6.65E+04  ,2.337E+05 ,6.521E+03
memcpy_1_avx_movsb    ,rand SPEC2017   ,1       ,0      ,-1     ,0        ,100000 ,8192        ,7.398E+04 ,7.287E+04 ,7.385E+04 ,6.76E+04  ,1.943E+05 ,4.722E+03
memcpy_1_avx_movsb    ,rand SPEC2017   ,1       ,0      ,-1     ,1        ,100000 ,8192        ,7.454E+04 ,7.350E+04 ,7.445E+04 ,6.81E+04  ,2.591E+05 ,3.952E+03
memcpy_1_avx_movsb    ,rand SPEC2017   ,1       ,0      ,-1     ,2        ,100000 ,8192        ,7.379E+04 ,7.161E+04 ,7.358E+04 ,6.48E+04  ,2.425E+05 ,6.010E+03
memcpy_2_avx_movsb    ,rand SPEC2017   ,1       ,0      ,-1     ,0        ,100000 ,8192        ,1.064E+05 ,1.058E+05 ,1.063E+05 ,9.92E+04  ,2.564E+05 ,4.288E+03
memcpy_2_avx_movsb    ,rand SPEC2017   ,1       ,0      ,-1     ,1        ,100000 ,8192        ,1.063E+05 ,1.054E+05 ,1.062E+05 ,9.82E+04  ,1.120E+06 ,8.190E+03
memcpy_2_avx_movsb    ,rand SPEC2017   ,1       ,0      ,-1     ,2        ,100000 ,8192        ,1.115E+05 ,1.109E+05 ,1.114E+05 ,1.03E+05  ,3.688E+05 ,4.519E+03
memcpy_0_avx_movsb    ,rand SPEC2017   ,1       ,0      ,-1     ,0        ,100000 ,8192        ,7.341E+04 ,7.234E+04 ,7.331E+04 ,6.72E+04  ,2.426E+05 ,4.185E+03
memcpy_0_avx_movsb    ,rand SPEC2017   ,1       ,0      ,-1     ,1        ,100000 ,8192        ,7.755E+04 ,7.664E+04 ,7.744E+04 ,7.10E+04  ,2.555E+05 ,4.395E+03
memcpy_0_avx_movsb    ,rand SPEC2017   ,1       ,0      ,-1     ,2        ,100000 ,8192        ,7.698E+04 ,7.454E+04 ,7.667E+04 ,6.69E+04  ,1.016E+06 ,9.379E+03
memcpy_1_avx_movsb    ,rand SPEC2017   ,1       ,0      ,-1     ,0        ,100000 ,8192        ,7.322E+04 ,7.200E+04 ,7.312E+04 ,6.84E+04  ,3.034E+05 ,4.264E+03
memcpy_1_avx_movsb    ,rand SPEC2017   ,1       ,0      ,-1     ,1        ,100000 ,8192        ,7.567E+04 ,7.463E+04 ,7.558E+04 ,7.05E+04  ,2.382E+05 ,4.072E+03
memcpy_1_avx_movsb    ,rand SPEC2017   ,1       ,0      ,-1     ,2        ,100000 ,8192        ,7.442E+04 ,7.227E+04 ,7.419E+04 ,6.59E+04  ,2.265E+05 ,6.171E+03
memcpy_2_avx_movsb    ,rand SPEC2017   ,1       ,0      ,-1     ,0        ,100000 ,8192        ,1.060E+05 ,1.047E+05 ,1.059E+05 ,9.92E+04  ,2.622E+05 ,4.567E+03
memcpy_2_avx_movsb    ,rand SPEC2017   ,1       ,0      ,-1     ,1        ,100000 ,8192        ,1.075E+05 ,1.062E+05 ,1.074E+05 ,1.01E+05  ,2.437E+05 ,4.423E+03
memcpy_2_avx_movsb    ,rand SPEC2017   ,1       ,0      ,-1     ,2        ,100000 ,8192        ,1.096E+05 ,1.087E+05 ,1.095E+05 ,1.02E+05  ,2.689E+05 ,4.097E+03
memcpy_0_avx_movsb    ,rand SPEC2017   ,1       ,0      ,-1     ,0        ,100000 ,8192        ,7.294E+04 ,7.193E+04 ,7.285E+04 ,6.72E+04  ,2.757E+05 ,4.016E+03
memcpy_0_avx_movsb    ,rand SPEC2017   ,1       ,0      ,-1     ,1        ,100000 ,8192        ,7.785E+04 ,7.690E+04 ,7.775E+04 ,7.14E+04  ,1.861E+05 ,4.162E+03
memcpy_0_avx_movsb    ,rand SPEC2017   ,1       ,0      ,-1     ,2        ,100000 ,8192        ,7.590E+04 ,7.355E+04 ,7.565E+04 ,6.67E+04  ,2.322E+05 ,6.468E+03
memcpy_1_avx_movsb    ,rand SPEC2017   ,1       ,0      ,-1     ,0        ,100000 ,8192        ,7.275E+04 ,7.167E+04 ,7.267E+04 ,6.66E+04  ,2.362E+05 ,3.718E+03
memcpy_1_avx_movsb    ,rand SPEC2017   ,1       ,0      ,-1     ,1        ,100000 ,8192        ,7.497E+04 ,7.390E+04 ,7.488E+04 ,6.97E+04  ,3.016E+05 ,4.112E+03
memcpy_1_avx_movsb    ,rand SPEC2017   ,1       ,0      ,-1     ,2        ,100000 ,8192        ,7.356E+04 ,7.144E+04 ,7.334E+04 ,6.58E+04  ,2.324E+05 ,5.951E+03
memcpy_2_avx_movsb    ,rand SPEC2017   ,1       ,0      ,-1     ,0        ,100000 ,8192        ,1.063E+05 ,1.054E+05 ,1.063E+05 ,9.91E+04  ,2.623E+05 ,4.298E+03
memcpy_2_avx_movsb    ,rand SPEC2017   ,1       ,0      ,-1     ,1        ,100000 ,8192        ,1.070E+05 ,1.057E+05 ,1.069E+05 ,1.01E+05  ,2.590E+05 ,4.205E+03
memcpy_2_avx_movsb    ,rand SPEC2017   ,1       ,0      ,-1     ,2        ,100000 ,8192        ,1.101E+05 ,1.086E+05 ,1.100E+05 ,1.04E+05  ,2.816E+05 ,4.374E+03
memcpy_0_avx_movsb    ,rand SPEC2017   ,1       ,0      ,-1     ,0        ,100000 ,8192        ,7.371E+04 ,7.253E+04 ,7.360E+04 ,6.91E+04  ,2.796E+05 ,4.392E+03
memcpy_0_avx_movsb    ,rand SPEC2017   ,1       ,0      ,-1     ,1        ,100000 ,8192        ,7.782E+04 ,7.697E+04 ,7.772E+04 ,7.19E+04  ,2.744E+05 ,4.244E+03
memcpy_0_avx_movsb    ,rand SPEC2017   ,1       ,0      ,-1     ,2        ,100000 ,8192        ,7.504E+04 ,7.280E+04 ,7.481E+04 ,6.58E+04  ,3.129E+05 ,6.240E+03
memcpy_1_avx_movsb    ,rand SPEC2017   ,1       ,0      ,-1     ,0        ,100000 ,8192        ,7.312E+04 ,7.188E+04 ,7.302E+04 ,6.72E+04  ,2.562E+05 ,4.085E+03
memcpy_1_avx_movsb    ,rand SPEC2017   ,1       ,0      ,-1     ,1        ,100000 ,8192        ,7.498E+04 ,7.427E+04 ,7.490E+04 ,6.86E+04  ,2.578E+05 ,3.825E+03
memcpy_1_avx_movsb    ,rand SPEC2017   ,1       ,0      ,-1     ,2        ,100000 ,8192        ,7.323E+04 ,7.116E+04 ,7.303E+04 ,6.54E+04  ,2.521E+05 ,5.660E+03
memcpy_2_avx_movsb    ,rand SPEC2017   ,1       ,0      ,-1     ,0        ,100000 ,8192        ,1.058E+05 ,1.044E+05 ,1.057E+05 ,9.84E+04  ,2.447E+05 ,4.987E+03
memcpy_2_avx_movsb    ,rand SPEC2017   ,1       ,0      ,-1     ,1        ,100000 ,8192        ,1.080E+05 ,1.069E+05 ,1.079E+05 ,9.97E+04  ,2.862E+05 ,4.177E+03
memcpy_2_avx_movsb    ,rand SPEC2017   ,1       ,0      ,-1     ,2        ,100000 ,8192        ,1.091E+05 ,1.082E+05 ,1.090E+05 ,1.02E+05  ,2.712E+05 ,3.681E+03
memcpy_0_avx_movsb    ,rand SPEC2017   ,1       ,0      ,-1     ,0        ,100000 ,8192        ,7.300E+04 ,7.207E+04 ,7.292E+04 ,6.68E+04  ,2.592E+05 ,3.664E+03
memcpy_0_avx_movsb    ,rand SPEC2017   ,1       ,0      ,-1     ,1        ,100000 ,8192        ,7.809E+04 ,7.691E+04 ,7.799E+04 ,7.08E+04  ,2.827E+05 ,4.278E+03
memcpy_0_avx_movsb    ,rand SPEC2017   ,1       ,0      ,-1     ,2        ,100000 ,8192        ,7.716E+04 ,7.487E+04 ,7.692E+04 ,6.74E+04  ,2.358E+05 ,6.208E+03
memcpy_1_avx_movsb    ,rand SPEC2017   ,1       ,0      ,-1     ,0        ,100000 ,8192        ,7.369E+04 ,7.266E+04 ,7.359E+04 ,6.73E+04  ,2.479E+05 ,4.104E+03
memcpy_1_avx_movsb    ,rand SPEC2017   ,1       ,0      ,-1     ,1        ,100000 ,8192        ,7.471E+04 ,7.376E+04 ,7.463E+04 ,6.92E+04  ,2.339E+05 ,3.746E+03
memcpy_1_avx_movsb    ,rand SPEC2017   ,1       ,0      ,-1     ,2        ,100000 ,8192        ,7.385E+04 ,7.164E+04 ,7.363E+04 ,6.53E+04  ,2.176E+05 ,6.102E+03
memcpy_2_avx_movsb    ,rand SPEC2017   ,1       ,0      ,-1     ,0        ,100000 ,8192        ,1.069E+05 ,1.069E+05 ,1.068E+05 ,9.83E+04  ,2.433E+05 ,4.021E+03
memcpy_2_avx_movsb    ,rand SPEC2017   ,1       ,0      ,-1     ,1        ,100000 ,8192        ,1.074E+05 ,1.065E+05 ,1.073E+05 ,9.85E+04  ,3.155E+05 ,4.305E+03
memcpy_2_avx_movsb    ,rand SPEC2017   ,1       ,0      ,-1     ,2        ,100000 ,8192        ,1.091E+05 ,1.084E+05 ,1.091E+05 ,1.02E+05  ,2.690E+05 ,3.775E+03
memcpy_0_avx_movsb    ,rand SPEC2017   ,1       ,0      ,-1     ,0        ,100000 ,8192        ,7.381E+04 ,7.278E+04 ,7.372E+04 ,6.75E+04  ,2.376E+05 ,3.951E+03
memcpy_0_avx_movsb    ,rand SPEC2017   ,1       ,0      ,-1     ,1        ,100000 ,8192        ,7.807E+04 ,7.706E+04 ,7.798E+04 ,7.21E+04  ,2.467E+05 ,4.185E+03
memcpy_0_avx_movsb    ,rand SPEC2017   ,1       ,0      ,-1     ,2        ,100000 ,8192        ,7.604E+04 ,7.376E+04 ,7.582E+04 ,6.65E+04  ,2.454E+05 ,5.983E+03
memcpy_1_avx_movsb    ,rand SPEC2017   ,1       ,0      ,-1     ,0        ,100000 ,8192        ,7.353E+04 ,7.239E+04 ,7.343E+04 ,6.76E+04  ,2.203E+05 ,4.200E+03
memcpy_1_avx_movsb    ,rand SPEC2017   ,1       ,0      ,-1     ,1        ,100000 ,8192        ,7.497E+04 ,7.393E+04 ,7.489E+04 ,6.87E+04  ,2.289E+05 ,3.764E+03
memcpy_1_avx_movsb    ,rand SPEC2017   ,1       ,0      ,-1     ,2        ,100000 ,8192        ,7.362E+04 ,7.155E+04 ,7.342E+04 ,6.55E+04  ,2.063E+05 ,5.734E+03
memcpy_2_avx_movsb    ,rand SPEC2017   ,1       ,0      ,-1     ,0        ,100000 ,8192        ,1.052E+05 ,1.043E+05 ,1.051E+05 ,9.82E+04  ,2.305E+05 ,3.794E+03
memcpy_2_avx_movsb    ,rand SPEC2017   ,1       ,0      ,-1     ,1        ,100000 ,8192        ,1.068E+05 ,1.059E+05 ,1.068E+05 ,9.88E+04  ,2.398E+05 ,4.419E+03
memcpy_2_avx_movsb    ,rand SPEC2017   ,1       ,0      ,-1     ,2        ,100000 ,8192        ,1.085E+05 ,1.079E+05 ,1.085E+05 ,1.01E+05  ,2.337E+05 ,3.770E+03
memcpy_0_avx_movsb    ,rand SPEC2017   ,1       ,0      ,-1     ,0        ,100000 ,8192        ,7.318E+04 ,7.216E+04 ,7.308E+04 ,6.69E+04  ,2.432E+05 ,4.003E+03
memcpy_0_avx_movsb    ,rand SPEC2017   ,1       ,0      ,-1     ,1        ,100000 ,8192        ,7.722E+04 ,7.653E+04 ,7.712E+04 ,7.15E+04  ,2.657E+05 ,4.398E+03
memcpy_0_avx_movsb    ,rand SPEC2017   ,1       ,0      ,-1     ,2        ,100000 ,8192        ,7.559E+04 ,7.330E+04 ,7.538E+04 ,6.68E+04  ,2.336E+05 ,5.841E+03
memcpy_1_avx_movsb    ,rand SPEC2017   ,1       ,0      ,-1     ,0        ,100000 ,8192        ,7.350E+04 ,7.248E+04 ,7.340E+04 ,6.79E+04  ,2.366E+05 ,4.107E+03
memcpy_1_avx_movsb    ,rand SPEC2017   ,1       ,0      ,-1     ,1        ,100000 ,8192        ,7.470E+04 ,7.385E+04 ,7.462E+04 ,6.86E+04  ,2.334E+05 ,3.825E+03
memcpy_1_avx_movsb    ,rand SPEC2017   ,1       ,0      ,-1     ,2        ,100000 ,8192        ,7.301E+04 ,7.100E+04 ,7.281E+04 ,6.46E+04  ,2.306E+05 ,5.737E+03
memcpy_2_avx_movsb    ,rand SPEC2017   ,1       ,0      ,-1     ,0        ,100000 ,8192        ,1.070E+05 ,1.063E+05 ,1.069E+05 ,9.87E+04  ,2.684E+05 ,4.454E+03
memcpy_2_avx_movsb    ,rand SPEC2017   ,1       ,0      ,-1     ,1        ,100000 ,8192        ,1.061E+05 ,1.053E+05 ,1.060E+05 ,9.89E+04  ,2.665E+05 ,3.966E+03
memcpy_2_avx_movsb    ,rand SPEC2017   ,1       ,0      ,-1     ,2        ,100000 ,8192        ,1.096E+05 ,1.085E+05 ,1.095E+05 ,1.02E+05  ,2.844E+05 ,4.475E+03
memcpy_0_avx_movsb    ,rand SPEC2017   ,1       ,0      ,-1     ,0        ,100000 ,8192        ,7.359E+04 ,7.235E+04 ,7.348E+04 ,6.77E+04  ,2.301E+05 ,4.361E+03
memcpy_0_avx_movsb    ,rand SPEC2017   ,1       ,0      ,-1     ,1        ,100000 ,8192        ,7.816E+04 ,7.706E+04 ,7.806E+04 ,7.15E+04  ,2.551E+05 ,4.374E+03
memcpy_0_avx_movsb    ,rand SPEC2017   ,1       ,0      ,-1     ,2        ,100000 ,8192        ,7.579E+04 ,7.344E+04 ,7.557E+04 ,6.68E+04  ,2.306E+05 ,6.036E+03
memcpy_1_avx_movsb    ,rand SPEC2017   ,1       ,0      ,-1     ,0        ,100000 ,8192        ,7.345E+04 ,7.245E+04 ,7.336E+04 ,6.73E+04  ,2.702E+05 ,3.857E+03
memcpy_1_avx_movsb    ,rand SPEC2017   ,1       ,0      ,-1     ,1        ,100000 ,8192        ,7.448E+04 ,7.342E+04 ,7.437E+04 ,6.85E+04  ,2.384E+05 ,4.495E+03
memcpy_1_avx_movsb    ,rand SPEC2017   ,1       ,0      ,-1     ,2        ,100000 ,8192        ,7.323E+04 ,7.112E+04 ,7.303E+04 ,6.51E+04  ,2.337E+05 ,5.698E+03
memcpy_2_avx_movsb    ,rand SPEC2017   ,1       ,0      ,-1     ,0        ,100000 ,8192        ,1.059E+05 ,1.049E+05 ,1.058E+05 ,9.84E+04  ,2.159E+05 ,4.092E+03
memcpy_2_avx_movsb    ,rand SPEC2017   ,1       ,0      ,-1     ,1        ,100000 ,8192        ,1.067E+05 ,1.057E+05 ,1.066E+05 ,9.95E+04  ,2.632E+05 ,3.964E+03
memcpy_2_avx_movsb    ,rand SPEC2017   ,1       ,0      ,-1     ,2        ,100000 ,8192        ,1.100E+05 ,1.095E+05 ,1.100E+05 ,1.01E+05  ,2.567E+05 ,4.179E+03
memcpy_0_avx_movsb    ,rand SPEC2017   ,1       ,0      ,-1     ,0        ,100000 ,8192        ,7.353E+04 ,7.231E+04 ,7.342E+04 ,6.77E+04  ,1.962E+05 ,4.336E+03
memcpy_0_avx_movsb    ,rand SPEC2017   ,1       ,0      ,-1     ,1        ,100000 ,8192        ,7.793E+04 ,7.682E+04 ,7.782E+04 ,7.13E+04  ,2.449E+05 ,4.497E+03
memcpy_0_avx_movsb    ,rand SPEC2017   ,1       ,0      ,-1     ,2        ,100000 ,8192        ,7.596E+04 ,7.368E+04 ,7.575E+04 ,6.71E+04  ,2.443E+05 ,5.884E+03
memcpy_1_avx_movsb    ,rand SPEC2017   ,1       ,0      ,-1     ,0        ,100000 ,8192        ,7.296E+04 ,7.175E+04 ,7.285E+04 ,6.72E+04  ,2.034E+05 ,4.318E+03
memcpy_1_avx_movsb    ,rand SPEC2017   ,1       ,0      ,-1     ,1        ,100000 ,8192        ,7.510E+04 ,7.401E+04 ,7.501E+04 ,6.93E+04  ,2.388E+05 ,4.022E+03
memcpy_1_avx_movsb    ,rand SPEC2017   ,1       ,0      ,-1     ,2        ,100000 ,8192        ,7.437E+04 ,7.221E+04 ,7.413E+04 ,6.59E+04  ,2.689E+05 ,6.293E+03
memcpy_2_avx_movsb    ,rand SPEC2017   ,1       ,0      ,-1     ,0        ,100000 ,8192        ,1.066E+05 ,1.050E+05 ,1.065E+05 ,9.99E+04  ,2.805E+05 ,4.732E+03
memcpy_2_avx_movsb    ,rand SPEC2017   ,1       ,0      ,-1     ,1        ,100000 ,8192        ,1.071E+05 ,1.062E+05 ,1.070E+05 ,1.01E+05  ,2.365E+05 ,4.057E+03
memcpy_2_avx_movsb    ,rand SPEC2017   ,1       ,0      ,-1     ,2        ,100000 ,8192        ,1.095E+05 ,1.078E+05 ,1.094E+05 ,1.02E+05  ,2.868E+05 ,5.156E+03
memcpy_0_avx_movsb    ,rand SPEC2017   ,1       ,0      ,-1     ,0        ,100000 ,8192        ,7.421E+04 ,7.305E+04 ,7.408E+04 ,6.93E+04  ,2.178E+05 ,4.759E+03
memcpy_0_avx_movsb    ,rand SPEC2017   ,1       ,0      ,-1     ,1        ,100000 ,8192        ,7.802E+04 ,7.709E+04 ,7.792E+04 ,7.14E+04  ,2.229E+05 ,4.091E+03
memcpy_0_avx_movsb    ,rand SPEC2017   ,1       ,0      ,-1     ,2        ,100000 ,8192        ,7.609E+04 ,7.382E+04 ,7.586E+04 ,6.71E+04  ,2.307E+05 ,6.127E+03
memcpy_1_avx_movsb    ,rand SPEC2017   ,1       ,0      ,-1     ,0        ,100000 ,8192        ,7.441E+04 ,7.344E+04 ,7.432E+04 ,6.80E+04  ,2.305E+05 ,3.813E+03
memcpy_1_avx_movsb    ,rand SPEC2017   ,1       ,0      ,-1     ,1        ,100000 ,8192        ,7.528E+04 ,7.461E+04 ,7.519E+04 ,6.89E+04  ,2.870E+05 ,4.037E+03
memcpy_1_avx_movsb    ,rand SPEC2017   ,1       ,0      ,-1     ,2        ,100000 ,8192        ,7.444E+04 ,7.240E+04 ,7.421E+04 ,6.70E+04  ,1.979E+05 ,6.162E+03
memcpy_2_avx_movsb    ,rand SPEC2017   ,1       ,0      ,-1     ,0        ,100000 ,8192        ,1.065E+05 ,1.054E+05 ,1.064E+05 ,9.93E+04  ,2.699E+05 ,4.645E+03
memcpy_2_avx_movsb    ,rand SPEC2017   ,1       ,0      ,-1     ,1        ,100000 ,8192        ,1.071E+05 ,1.056E+05 ,1.070E+05 ,1.01E+05  ,3.357E+05 ,4.606E+03
memcpy_2_avx_movsb    ,rand SPEC2017   ,1       ,0      ,-1     ,2        ,100000 ,8192        ,1.092E+05 ,1.084E+05 ,1.091E+05 ,1.02E+05  ,2.348E+05 ,3.782E+03
memcpy_0_avx_movsb    ,rand SPEC2017   ,1       ,0      ,-1     ,0        ,100000 ,8192        ,7.382E+04 ,7.285E+04 ,7.373E+04 ,6.75E+04  ,2.050E+05 ,4.007E+03
memcpy_0_avx_movsb    ,rand SPEC2017   ,1       ,0      ,-1     ,1        ,100000 ,8192        ,7.930E+04 ,7.802E+04 ,7.918E+04 ,7.24E+04  ,3.258E+05 ,4.715E+03
memcpy_0_avx_movsb    ,rand SPEC2017   ,1       ,0      ,-1     ,2        ,100000 ,8192        ,7.612E+04 ,7.387E+04 ,7.590E+04 ,6.70E+04  ,1.887E+05 ,5.966E+03
memcpy_1_avx_movsb    ,rand SPEC2017   ,1       ,0      ,-1     ,0        ,100000 ,8192        ,7.350E+04 ,7.246E+04 ,7.341E+04 ,6.77E+04  ,2.527E+05 ,3.941E+03
memcpy_1_avx_movsb    ,rand SPEC2017   ,1       ,0      ,-1     ,1        ,100000 ,8192        ,7.533E+04 ,7.421E+04 ,7.524E+04 ,6.89E+04  ,2.601E+05 ,4.077E+03
memcpy_1_avx_movsb    ,rand SPEC2017   ,1       ,0      ,-1     ,2        ,100000 ,8192        ,7.443E+04 ,7.229E+04 ,7.420E+04 ,6.63E+04  ,2.904E+05 ,6.261E+03
memcpy_2_avx_movsb    ,rand SPEC2017   ,1       ,0      ,-1     ,0        ,100000 ,8192        ,1.071E+05 ,1.060E+05 ,1.070E+05 ,1.01E+05  ,3.362E+05 ,4.747E+03
memcpy_2_avx_movsb    ,rand SPEC2017   ,1       ,0      ,-1     ,1        ,100000 ,8192        ,1.083E+05 ,1.070E+05 ,1.082E+05 ,1.01E+05  ,3.035E+05 ,4.953E+03
memcpy_2_avx_movsb    ,rand SPEC2017   ,1       ,0      ,-1     ,2        ,100000 ,8192        ,1.103E+05 ,1.089E+05 ,1.102E+05 ,1.04E+05  ,3.342E+05 ,4.649E+03
memcpy_0_avx_movsb    ,rand SPEC2017   ,1       ,0      ,-1     ,0        ,100000 ,8192        ,7.368E+04 ,7.244E+04 ,7.356E+04 ,6.80E+04  ,3.026E+05 ,4.467E+03
memcpy_0_avx_movsb    ,rand SPEC2017   ,1       ,0      ,-1     ,1        ,100000 ,8192        ,7.762E+04 ,7.664E+04 ,7.752E+04 ,7.10E+04  ,1.965E+05 ,4.389E+03
memcpy_0_avx_movsb    ,rand SPEC2017   ,1       ,0      ,-1     ,2        ,100000 ,8192        ,7.558E+04 ,7.323E+04 ,7.535E+04 ,6.58E+04  ,2.117E+05 ,6.185E+03
memcpy_1_avx_movsb    ,rand SPEC2017   ,1       ,0      ,-1     ,0        ,100000 ,8192        ,7.300E+04 ,7.185E+04 ,7.291E+04 ,6.61E+04  ,2.723E+05 ,4.128E+03
memcpy_1_avx_movsb    ,rand SPEC2017   ,1       ,0      ,-1     ,1        ,100000 ,8192        ,7.468E+04 ,7.377E+04 ,7.460E+04 ,6.90E+04  ,2.480E+05 ,3.739E+03
memcpy_1_avx_movsb    ,rand SPEC2017   ,1       ,0      ,-1     ,2        ,100000 ,8192        ,7.366E+04 ,7.143E+04 ,7.344E+04 ,6.49E+04  ,2.426E+05 ,6.087E+03
memcpy_2_avx_movsb    ,rand SPEC2017   ,1       ,0      ,-1     ,0        ,100000 ,8192        ,1.052E+05 ,1.044E+05 ,1.051E+05 ,9.85E+04  ,2.570E+05 ,4.342E+03
memcpy_2_avx_movsb    ,rand SPEC2017   ,1       ,0      ,-1     ,1        ,100000 ,8192        ,1.067E+05 ,1.056E+05 ,1.066E+05 ,1.00E+05  ,2.564E+05 ,4.422E+03
memcpy_2_avx_movsb    ,rand SPEC2017   ,1       ,0      ,-1     ,2        ,100000 ,8192        ,1.087E+05 ,1.077E+05 ,1.086E+05 ,1.01E+05  ,2.445E+05 ,4.057E+03
memcpy_0_avx_movsb    ,rand SPEC2017   ,1       ,0      ,-1     ,0        ,100000 ,8192        ,7.384E+04 ,7.276E+04 ,7.374E+04 ,6.66E+04  ,1.908E+05 ,4.093E+03
memcpy_0_avx_movsb    ,rand SPEC2017   ,1       ,0      ,-1     ,1        ,100000 ,8192        ,7.826E+04 ,7.711E+04 ,7.815E+04 ,7.13E+04  ,1.804E+05 ,4.436E+03
memcpy_0_avx_movsb    ,rand SPEC2017   ,1       ,0      ,-1     ,2        ,100000 ,8192        ,7.604E+04 ,7.369E+04 ,7.581E+04 ,6.63E+04  ,2.423E+05 ,6.174E+03
memcpy_1_avx_movsb    ,rand SPEC2017   ,1       ,0      ,-1     ,0        ,100000 ,8192        ,7.280E+04 ,7.179E+04 ,7.271E+04 ,6.68E+04  ,2.583E+05 ,3.937E+03
memcpy_1_avx_movsb    ,rand SPEC2017   ,1       ,0      ,-1     ,1        ,100000 ,8192        ,7.512E+04 ,7.422E+04 ,7.503E+04 ,6.86E+04  ,1.873E+05 ,3.776E+03
memcpy_1_avx_movsb    ,rand SPEC2017   ,1       ,0      ,-1     ,2        ,100000 ,8192        ,7.409E+04 ,7.214E+04 ,7.387E+04 ,6.66E+04  ,2.251E+05 ,6.055E+03
memcpy_2_avx_movsb    ,rand SPEC2017   ,1       ,0      ,-1     ,0        ,100000 ,8192        ,1.063E+05 ,1.050E+05 ,1.062E+05 ,1.01E+05  ,2.300E+05 ,4.731E+03
memcpy_2_avx_movsb    ,rand SPEC2017   ,1       ,0      ,-1     ,1        ,100000 ,8192        ,1.085E+05 ,1.079E+05 ,1.084E+05 ,1.02E+05  ,2.927E+05 ,4.865E+03
memcpy_2_avx_movsb    ,rand SPEC2017   ,1       ,0      ,-1     ,2        ,100000 ,8192        ,1.090E+05 ,1.076E+05 ,1.090E+05 ,1.02E+05  ,2.155E+05 ,4.258E+03
memcpy_0_avx_movsb    ,rand SPEC2017   ,1       ,0      ,-1     ,0        ,100000 ,8192        ,7.381E+04 ,7.269E+04 ,7.371E+04 ,6.88E+04  ,1.828E+05 ,4.162E+03
memcpy_0_avx_movsb    ,rand SPEC2017   ,1       ,0      ,-1     ,1        ,100000 ,8192        ,7.914E+04 ,7.780E+04 ,7.903E+04 ,7.26E+04  ,1.953E+05 ,4.480E+03
memcpy_0_avx_movsb    ,rand SPEC2017   ,1       ,0      ,-1     ,2        ,100000 ,8192        ,7.751E+04 ,7.531E+04 ,7.727E+04 ,6.92E+04  ,2.292E+05 ,6.395E+03
memcpy_1_avx_movsb    ,rand SPEC2017   ,1       ,0      ,-1     ,0        ,100000 ,8192        ,7.412E+04 ,7.334E+04 ,7.399E+04 ,6.84E+04  ,1.868E+05 ,4.618E+03
memcpy_1_avx_movsb    ,rand SPEC2017   ,1       ,0      ,-1     ,1        ,100000 ,8192        ,7.647E+04 ,7.562E+04 ,7.634E+04 ,7.11E+04  ,2.398E+05 ,4.754E+03
memcpy_1_avx_movsb    ,rand SPEC2017   ,1       ,0      ,-1     ,2        ,100000 ,8192        ,7.480E+04 ,7.263E+04 ,7.455E+04 ,6.64E+04  ,2.369E+05 ,6.486E+03
memcpy_2_avx_movsb    ,rand SPEC2017   ,1       ,0      ,-1     ,0        ,100000 ,8192        ,1.078E+05 ,1.066E+05 ,1.077E+05 ,1.01E+05  ,2.839E+05 ,4.898E+03
memcpy_2_avx_movsb    ,rand SPEC2017   ,1       ,0      ,-1     ,1        ,100000 ,8192        ,1.078E+05 ,1.065E+05 ,1.078E+05 ,1.02E+05  ,2.627E+05 ,4.667E+03
memcpy_2_avx_movsb    ,rand SPEC2017   ,1       ,0      ,-1     ,2        ,100000 ,8192        ,1.117E+05 ,1.117E+05 ,1.116E+05 ,1.05E+05  ,2.798E+05 ,4.858E+03
memcpy_0_avx_movsb    ,rand SPEC2017   ,1       ,0      ,-1     ,0        ,100000 ,8192        ,7.614E+04 ,7.524E+04 ,7.601E+04 ,7.00E+04  ,2.638E+05 ,4.649E+03
memcpy_0_avx_movsb    ,rand SPEC2017   ,1       ,0      ,-1     ,1        ,100000 ,8192        ,7.966E+04 ,7.805E+04 ,7.950E+04 ,7.41E+04  ,2.390E+05 ,5.504E+03
