impl name               ,test name       ,size    ,al dst ,al src ,dst > src,trials ,inner trials,mean      ,median    ,geomean   ,min       ,max       ,stdev
memcpy_0_avx_movsb    ,rand SPEC2017   ,1       ,0      ,-1     ,0        ,100000 ,8192        ,1.031E+05 ,1.029E+05 ,1.031E+05 ,1.02E+05  ,4.431E+05 ,3.726E+03
memcpy_0_avx_movsb    ,rand SPEC2017   ,1       ,0      ,-1     ,1        ,100000 ,8192        ,1.108E+05 ,1.105E+05 ,1.107E+05 ,1.09E+05  ,3.996E+05 ,3.957E+03
memcpy_0_avx_movsb    ,rand SPEC2017   ,1       ,0      ,-1     ,2        ,100000 ,8192        ,1.123E+05 ,1.120E+05 ,1.122E+05 ,1.10E+05  ,4.015E+05 ,3.865E+03
memcpy_1_avx_movsb    ,rand SPEC2017   ,1       ,0      ,-1     ,0        ,100000 ,8192        ,1.038E+05 ,1.030E+05 ,1.037E+05 ,1.01E+05  ,3.899E+05 ,4.593E+03
memcpy_1_avx_movsb    ,rand SPEC2017   ,1       ,0      ,-1     ,1        ,100000 ,8192        ,1.061E+05 ,1.058E+05 ,1.061E+05 ,1.02E+05  ,4.045E+05 ,4.222E+03
memcpy_1_avx_movsb    ,rand SPEC2017   ,1       ,0      ,-1     ,2        ,100000 ,8192        ,1.110E+05 ,1.098E+05 ,1.109E+05 ,1.06E+05  ,4.031E+05 ,5.832E+03
memcpy_2_avx_movsb    ,rand SPEC2017   ,1       ,0      ,-1     ,0        ,100000 ,8192        ,1.183E+05 ,1.180E+05 ,1.182E+05 ,1.12E+05  ,4.925E+05 ,5.776E+03
memcpy_2_avx_movsb    ,rand SPEC2017   ,1       ,0      ,-1     ,1        ,100000 ,8192        ,1.180E+05 ,1.176E+05 ,1.179E+05 ,1.12E+05  ,4.866E+05 ,3.459E+03
memcpy_2_avx_movsb    ,rand SPEC2017   ,1       ,0      ,-1     ,2        ,100000 ,8192        ,1.230E+05 ,1.220E+05 ,1.229E+05 ,1.17E+05  ,4.617E+05 ,5.633E+03
memcpy_0_avx_movsb    ,rand SPEC2017   ,1       ,0      ,-1     ,0        ,100000 ,8192        ,1.103E+05 ,1.101E+05 ,1.102E+05 ,1.04E+05  ,3.995E+05 ,4.000E+03
memcpy_0_avx_movsb    ,rand SPEC2017   ,1       ,0      ,-1     ,1        ,100000 ,8192        ,1.184E+05 ,1.182E+05 ,1.183E+05 ,1.12E+05  ,4.922E+05 ,5.084E+03
memcpy_0_avx_movsb    ,rand SPEC2017   ,1       ,0      ,-1     ,2        ,100000 ,8192        ,1.196E+05 ,1.193E+05 ,1.195E+05 ,1.13E+05  ,4.130E+05 ,4.327E+03
memcpy_1_avx_movsb    ,rand SPEC2017   ,1       ,0      ,-1     ,0        ,100000 ,8192        ,1.118E+05 ,1.109E+05 ,1.117E+05 ,1.06E+05  ,4.560E+05 ,5.192E+03
memcpy_1_avx_movsb    ,rand SPEC2017   ,1       ,0      ,-1     ,1        ,100000 ,8192        ,1.131E+05 ,1.130E+05 ,1.128E+05 ,1.07E+05  ,1.480E+06 ,1.604E+04
memcpy_1_avx_movsb    ,rand SPEC2017   ,1       ,0      ,-1     ,2        ,100000 ,8192        ,1.172E+05 ,1.173E+05 ,1.171E+05 ,1.11E+05  ,4.117E+05 ,3.492E+03
memcpy_2_avx_movsb    ,rand SPEC2017   ,1       ,0      ,-1     ,0        ,100000 ,8192        ,1.241E+05 ,1.242E+05 ,1.241E+05 ,1.17E+05  ,4.188E+05 ,4.296E+03
memcpy_2_avx_movsb    ,rand SPEC2017   ,1       ,0      ,-1     ,1        ,100000 ,8192        ,1.231E+05 ,1.229E+05 ,1.231E+05 ,1.16E+05  ,4.162E+05 ,2.050E+03
memcpy_2_avx_movsb    ,rand SPEC2017   ,1       ,0      ,-1     ,2        ,100000 ,8192        ,1.281E+05 ,1.279E+05 ,1.280E+05 ,1.21E+05  ,4.290E+05 ,2.850E+03
memcpy_0_avx_movsb    ,rand SPEC2017   ,1       ,0      ,-1     ,0        ,100000 ,8192        ,1.135E+05 ,1.127E+05 ,1.135E+05 ,1.08E+05  ,4.047E+05 ,3.621E+03
memcpy_0_avx_movsb    ,rand SPEC2017   ,1       ,0      ,-1     ,1        ,100000 ,8192        ,1.224E+05 ,1.214E+05 ,1.223E+05 ,1.17E+05  ,4.171E+05 ,4.046E+03
memcpy_0_avx_movsb    ,rand SPEC2017   ,1       ,0      ,-1     ,2        ,100000 ,8192        ,1.240E+05 ,1.241E+05 ,1.239E+05 ,1.18E+05  ,4.183E+05 ,4.188E+03
memcpy_1_avx_movsb    ,rand SPEC2017   ,1       ,0      ,-1     ,0        ,100000 ,8192        ,1.156E+05 ,1.157E+05 ,1.156E+05 ,1.09E+05  ,4.116E+05 ,3.053E+03
memcpy_1_avx_movsb    ,rand SPEC2017   ,1       ,0      ,-1     ,1        ,100000 ,8192        ,1.164E+05 ,1.166E+05 ,1.164E+05 ,1.10E+05  ,4.130E+05 ,3.625E+03
memcpy_1_avx_movsb    ,rand SPEC2017   ,1       ,0      ,-1     ,2        ,100000 ,8192        ,1.200E+05 ,1.204E+05 ,1.199E+05 ,1.14E+05  ,4.151E+05 ,3.793E+03
memcpy_2_avx_movsb    ,rand SPEC2017   ,1       ,0      ,-1     ,0        ,100000 ,8192        ,1.273E+05 ,1.273E+05 ,1.273E+05 ,1.20E+05  ,5.242E+05 ,3.303E+03
memcpy_2_avx_movsb    ,rand SPEC2017   ,1       ,0      ,-1     ,1        ,100000 ,8192        ,1.268E+05 ,1.268E+05 ,1.267E+05 ,1.20E+05  ,4.181E+05 ,2.690E+03
memcpy_2_avx_movsb    ,rand SPEC2017   ,1       ,0      ,-1     ,2        ,100000 ,8192        ,1.299E+05 ,1.299E+05 ,1.297E+05 ,1.23E+05  ,1.434E+06 ,1.598E+04
memcpy_0_avx_movsb    ,rand SPEC2017   ,1       ,0      ,-1     ,0        ,100000 ,8192        ,1.157E+05 ,1.155E+05 ,1.157E+05 ,1.12E+05  ,4.069E+05 ,2.211E+03
memcpy_0_avx_movsb    ,rand SPEC2017   ,1       ,0      ,-1     ,1        ,100000 ,8192        ,1.250E+05 ,1.249E+05 ,1.250E+05 ,1.21E+05  ,4.183E+05 ,1.868E+03
memcpy_0_avx_movsb    ,rand SPEC2017   ,1       ,0      ,-1     ,2        ,100000 ,8192        ,1.259E+05 ,1.257E+05 ,1.259E+05 ,1.22E+05  ,4.263E+05 ,2.198E+03
memcpy_1_avx_movsb    ,rand SPEC2017   ,1       ,0      ,-1     ,0        ,100000 ,8192        ,1.167E+05 ,1.160E+05 ,1.167E+05 ,1.11E+05  ,4.213E+05 ,2.994E+03
memcpy_1_avx_movsb    ,rand SPEC2017   ,1       ,0      ,-1     ,1        ,100000 ,8192        ,1.175E+05 ,1.168E+05 ,1.174E+05 ,1.12E+05  ,4.042E+05 ,2.882E+03
memcpy_1_avx_movsb    ,rand SPEC2017   ,1       ,0      ,-1     ,2        ,100000 ,8192        ,1.211E+05 ,1.203E+05 ,1.211E+05 ,1.16E+05  ,4.238E+05 ,3.164E+03
memcpy_2_avx_movsb    ,rand SPEC2017   ,1       ,0      ,-1     ,0        ,100000 ,8192        ,1.308E+05 ,1.304E+05 ,1.306E+05 ,1.23E+05  ,4.843E+05 ,6.325E+03
memcpy_2_avx_movsb    ,rand SPEC2017   ,1       ,0      ,-1     ,1        ,100000 ,8192        ,1.248E+05 ,1.236E+05 ,1.246E+05 ,1.20E+05  ,7.219E+06 ,2.467E+04
memcpy_2_avx_movsb    ,rand SPEC2017   ,1       ,0      ,-1     ,2        ,100000 ,8192        ,1.325E+05 ,1.320E+05 ,1.325E+05 ,1.27E+05  ,4.280E+05 ,2.772E+03
memcpy_0_avx_movsb    ,rand SPEC2017   ,1       ,0      ,-1     ,0        ,100000 ,8192        ,1.176E+05 ,1.181E+05 ,1.176E+05 ,1.11E+05  ,4.343E+05 ,3.606E+03
memcpy_0_avx_movsb    ,rand SPEC2017   ,1       ,0      ,-1     ,1        ,100000 ,8192        ,1.265E+05 ,1.271E+05 ,1.264E+05 ,1.20E+05  ,1.461E+06 ,6.928E+03
memcpy_0_avx_movsb    ,rand SPEC2017   ,1       ,0      ,-1     ,2        ,100000 ,8192        ,1.268E+05 ,1.258E+05 ,1.267E+05 ,1.21E+05  ,4.203E+05 ,3.365E+03
memcpy_1_avx_movsb    ,rand SPEC2017   ,1       ,0      ,-1     ,0        ,100000 ,8192        ,1.180E+05 ,1.180E+05 ,1.178E+05 ,1.11E+05  ,1.475E+06 ,1.642E+04
memcpy_1_avx_movsb    ,rand SPEC2017   ,1       ,0      ,-1     ,1        ,100000 ,8192        ,1.190E+05 ,1.196E+05 ,1.190E+05 ,1.12E+05  ,4.079E+05 ,2.996E+03
memcpy_1_avx_movsb    ,rand SPEC2017   ,1       ,0      ,-1     ,2        ,100000 ,8192        ,1.218E+05 ,1.209E+05 ,1.218E+05 ,1.16E+05  ,4.131E+05 ,3.161E+03
memcpy_2_avx_movsb    ,rand SPEC2017   ,1       ,0      ,-1     ,0        ,100000 ,8192        ,1.297E+05 ,1.303E+05 ,1.296E+05 ,1.23E+05  ,4.194E+05 ,3.183E+03
memcpy_2_avx_movsb    ,rand SPEC2017   ,1       ,0      ,-1     ,1        ,100000 ,8192        ,1.283E+05 ,1.288E+05 ,1.283E+05 ,1.22E+05  ,4.175E+05 ,3.083E+03
memcpy_2_avx_movsb    ,rand SPEC2017   ,1       ,0      ,-1     ,2        ,100000 ,8192        ,1.333E+05 ,1.324E+05 ,1.333E+05 ,1.27E+05  ,4.650E+05 ,3.485E+03
memcpy_0_avx_movsb    ,rand SPEC2017   ,1       ,0      ,-1     ,0        ,100000 ,8192        ,1.184E+05 ,1.187E+05 ,1.184E+05 ,1.12E+05  ,4.141E+05 ,2.851E+03
memcpy_0_avx_movsb    ,rand SPEC2017   ,1       ,0      ,-1     ,1        ,100000 ,8192        ,1.273E+05 ,1.277E+05 ,1.272E+05 ,1.20E+05  ,4.193E+05 ,2.992E+03
memcpy_0_avx_movsb    ,rand SPEC2017   ,1       ,0      ,-1     ,2        ,100000 ,8192        ,1.278E+05 ,1.282E+05 ,1.278E+05 ,1.21E+05  ,4.255E+05 ,2.897E+03
memcpy_1_avx_movsb    ,rand SPEC2017   ,1       ,0      ,-1     ,0        ,100000 ,8192        ,1.197E+05 ,1.197E+05 ,1.197E+05 ,1.12E+05  ,4.120E+05 ,2.149E+03
memcpy_1_avx_movsb    ,rand SPEC2017   ,1       ,0      ,-1     ,1        ,100000 ,8192        ,1.189E+05 ,1.189E+05 ,1.189E+05 ,1.12E+05  ,4.211E+05 ,2.378E+03
memcpy_1_avx_movsb    ,rand SPEC2017   ,1       ,0      ,-1     ,2        ,100000 ,8192        ,1.225E+05 ,1.229E+05 ,1.225E+05 ,1.16E+05  ,4.240E+05 ,2.777E+03
memcpy_2_avx_movsb    ,rand SPEC2017   ,1       ,0      ,-1     ,0        ,100000 ,8192        ,1.307E+05 ,1.312E+05 ,1.307E+05 ,1.24E+05  ,4.243E+05 ,3.282E+03
memcpy_2_avx_movsb    ,rand SPEC2017   ,1       ,0      ,-1     ,1        ,100000 ,8192        ,1.298E+05 ,1.299E+05 ,1.298E+05 ,1.22E+05  ,4.201E+05 ,2.666E+03
memcpy_2_avx_movsb    ,rand SPEC2017   ,1       ,0      ,-1     ,2        ,100000 ,8192        ,1.336E+05 ,1.343E+05 ,1.336E+05 ,1.26E+05  ,4.232E+05 ,3.313E+03
memcpy_0_avx_movsb    ,rand SPEC2017   ,1       ,0      ,-1     ,0        ,100000 ,8192        ,1.182E+05 ,1.182E+05 ,1.182E+05 ,1.12E+05  ,4.128E+05 ,1.556E+03
memcpy_0_avx_movsb    ,rand SPEC2017   ,1       ,0      ,-1     ,1        ,100000 ,8192        ,1.272E+05 ,1.273E+05 ,1.271E+05 ,1.19E+05  ,4.294E+05 ,2.456E+03
memcpy_0_avx_movsb    ,rand SPEC2017   ,1       ,0      ,-1     ,2        ,100000 ,8192        ,1.280E+05 ,1.285E+05 ,1.279E+05 ,1.21E+05  ,4.397E+05 ,3.124E+03
memcpy_1_avx_movsb    ,rand SPEC2017   ,1       ,0      ,-1     ,0        ,100000 ,8192        ,1.181E+05 ,1.180E+05 ,1.181E+05 ,1.14E+05  ,4.064E+05 ,1.913E+03
memcpy_1_avx_movsb    ,rand SPEC2017   ,1       ,0      ,-1     ,1        ,100000 ,8192        ,1.195E+05 ,1.194E+05 ,1.195E+05 ,1.13E+05  ,4.180E+05 ,2.010E+03
memcpy_1_avx_movsb    ,rand SPEC2017   ,1       ,0      ,-1     ,2        ,100000 ,8192        ,1.234E+05 ,1.234E+05 ,1.233E+05 ,1.17E+05  ,4.127E+05 ,2.214E+03
memcpy_2_avx_movsb    ,rand SPEC2017   ,1       ,0      ,-1     ,0        ,100000 ,8192        ,1.318E+05 ,1.318E+05 ,1.317E+05 ,1.24E+05  ,4.182E+05 ,2.434E+03
memcpy_2_avx_movsb    ,rand SPEC2017   ,1       ,0      ,-1     ,1        ,100000 ,8192        ,1.290E+05 ,1.291E+05 ,1.290E+05 ,1.22E+05  ,4.211E+05 ,2.533E+03
memcpy_2_avx_movsb    ,rand SPEC2017   ,1       ,0      ,-1     ,2        ,100000 ,8192        ,1.334E+05 ,1.336E+05 ,1.333E+05 ,1.26E+05  ,4.253E+05 ,3.263E+03
memcpy_0_avx_movsb    ,rand SPEC2017   ,1       ,0      ,-1     ,0        ,100000 ,8192        ,1.188E+05 ,1.187E+05 ,1.188E+05 ,1.15E+05  ,4.262E+05 ,1.993E+03
memcpy_0_avx_movsb    ,rand SPEC2017   ,1       ,0      ,-1     ,1        ,100000 ,8192        ,1.272E+05 ,1.270E+05 ,1.270E+05 ,1.20E+05  ,1.463E+06 ,1.631E+04
memcpy_0_avx_movsb    ,rand SPEC2017   ,1       ,0      ,-1     ,2        ,100000 ,8192        ,1.288E+05 ,1.289E+05 ,1.288E+05 ,1.21E+05  ,4.255E+05 ,2.469E+03
memcpy_1_avx_movsb    ,rand SPEC2017   ,1       ,0      ,-1     ,0        ,100000 ,8192        ,1.186E+05 ,1.185E+05 ,1.186E+05 ,1.15E+05  ,4.088E+05 ,1.778E+03
memcpy_1_avx_movsb    ,rand SPEC2017   ,1       ,0      ,-1     ,1        ,100000 ,8192        ,1.201E+05 ,1.201E+05 ,1.201E+05 ,1.14E+05  ,4.160E+05 ,2.133E+03
memcpy_1_avx_movsb    ,rand SPEC2017   ,1       ,0      ,-1     ,2        ,100000 ,8192        ,1.236E+05 ,1.235E+05 ,1.236E+05 ,1.17E+05  ,4.313E+05 ,2.634E+03
memcpy_2_avx_movsb    ,rand SPEC2017   ,1       ,0      ,-1     ,0        ,100000 ,8192        ,1.305E+05 ,1.303E+05 ,1.305E+05 ,1.23E+05  ,4.211E+05 ,1.922E+03
memcpy_2_avx_movsb    ,rand SPEC2017   ,1       ,0      ,-1     ,1        ,100000 ,8192        ,1.300E+05 ,1.299E+05 ,1.300E+05 ,1.28E+05  ,4.209E+05 ,1.739E+03
memcpy_2_avx_movsb    ,rand SPEC2017   ,1       ,0      ,-1     ,2        ,100000 ,8192        ,1.330E+05 ,1.332E+05 ,1.330E+05 ,1.26E+05  ,4.289E+05 ,2.921E+03
memcpy_0_avx_movsb    ,rand SPEC2017   ,1       ,0      ,-1     ,0        ,100000 ,8192        ,1.189E+05 ,1.185E+05 ,1.189E+05 ,1.14E+05  ,4.175E+05 ,2.258E+03
memcpy_0_avx_movsb    ,rand SPEC2017   ,1       ,0      ,-1     ,1        ,100000 ,8192        ,1.275E+05 ,1.274E+05 ,1.275E+05 ,1.20E+05  ,4.303E+05 ,2.761E+03
memcpy_0_avx_movsb    ,rand SPEC2017   ,1       ,0      ,-1     ,2        ,100000 ,8192        ,1.280E+05 ,1.282E+05 ,1.280E+05 ,1.21E+05  ,4.349E+05 ,3.181E+03
memcpy_1_avx_movsb    ,rand SPEC2017   ,1       ,0      ,-1     ,0        ,100000 ,8192        ,1.194E+05 ,1.193E+05 ,1.194E+05 ,1.16E+05  ,4.198E+05 ,2.745E+03
memcpy_1_avx_movsb    ,rand SPEC2017   ,1       ,0      ,-1     ,1        ,100000 ,8192        ,1.206E+05 ,1.202E+05 ,1.205E+05 ,1.16E+05  ,6.530E+05 ,3.012E+03
memcpy_1_avx_movsb    ,rand SPEC2017   ,1       ,0      ,-1     ,2        ,100000 ,8192        ,1.235E+05 ,1.230E+05 ,1.233E+05 ,1.18E+05  ,1.492E+06 ,1.697E+04
memcpy_2_avx_movsb    ,rand SPEC2017   ,1       ,0      ,-1     ,0        ,100000 ,8192        ,1.319E+05 ,1.318E+05 ,1.319E+05 ,1.30E+05  ,4.240E+05 ,1.780E+03
memcpy_2_avx_movsb    ,rand SPEC2017   ,1       ,0      ,-1     ,1        ,100000 ,8192        ,1.303E+05 ,1.301E+05 ,1.303E+05 ,1.26E+05  ,4.205E+05 ,1.954E+03
memcpy_2_avx_movsb    ,rand SPEC2017   ,1       ,0      ,-1     ,2        ,100000 ,8192        ,1.345E+05 ,1.343E+05 ,1.345E+05 ,1.27E+05  ,4.460E+05 ,2.623E+03
memcpy_0_avx_movsb    ,rand SPEC2017   ,1       ,0      ,-1     ,0        ,100000 ,8192        ,1.194E+05 ,1.190E+05 ,1.194E+05 ,1.15E+05  ,4.079E+05 ,2.318E+03
memcpy_0_avx_movsb    ,rand SPEC2017   ,1       ,0      ,-1     ,1        ,100000 ,8192        ,1.284E+05 ,1.281E+05 ,1.284E+05 ,1.24E+05  ,4.166E+05 ,2.121E+03
memcpy_0_avx_movsb    ,rand SPEC2017   ,1       ,0      ,-1     ,2        ,100000 ,8192        ,1.287E+05 ,1.284E+05 ,1.286E+05 ,1.24E+05  ,4.200E+05 ,2.915E+03
memcpy_1_avx_movsb    ,rand SPEC2017   ,1       ,0      ,-1     ,0        ,100000 ,8192        ,1.205E+05 ,1.196E+05 ,1.205E+05 ,1.15E+05  ,4.129E+05 ,3.012E+03
memcpy_1_avx_movsb    ,rand SPEC2017   ,1       ,0      ,-1     ,1        ,100000 ,8192        ,1.206E+05 ,1.198E+05 ,1.206E+05 ,1.15E+05  ,4.081E+05 ,3.090E+03
memcpy_1_avx_movsb    ,rand SPEC2017   ,1       ,0      ,-1     ,2        ,100000 ,8192        ,1.238E+05 ,1.233E+05 ,1.238E+05 ,1.19E+05  ,4.363E+05 ,3.248E+03
memcpy_2_avx_movsb    ,rand SPEC2017   ,1       ,0      ,-1     ,0        ,100000 ,8192        ,1.310E+05 ,1.305E+05 ,1.309E+05 ,1.26E+05  ,4.377E+05 ,2.873E+03
memcpy_2_avx_movsb    ,rand SPEC2017   ,1       ,0      ,-1     ,1        ,100000 ,8192        ,1.296E+05 ,1.291E+05 ,1.296E+05 ,1.25E+05  ,4.181E+05 ,2.452E+03
memcpy_2_avx_movsb    ,rand SPEC2017   ,1       ,0      ,-1     ,2        ,100000 ,8192        ,1.343E+05 ,1.336E+05 ,1.341E+05 ,1.29E+05  ,1.510E+06 ,1.707E+04
memcpy_0_avx_movsb    ,rand SPEC2017   ,1       ,0      ,-1     ,0        ,100000 ,8192        ,1.196E+05 ,1.187E+05 ,1.196E+05 ,1.14E+05  ,4.045E+05 ,2.895E+03
memcpy_0_avx_movsb    ,rand SPEC2017   ,1       ,0      ,-1     ,1        ,100000 ,8192        ,1.279E+05 ,1.275E+05 ,1.278E+05 ,1.23E+05  ,4.175E+05 ,2.438E+03
memcpy_0_avx_movsb    ,rand SPEC2017   ,1       ,0      ,-1     ,2        ,100000 ,8192        ,1.287E+05 ,1.286E+05 ,1.287E+05 ,1.25E+05  ,4.177E+05 ,1.823E+03
memcpy_1_avx_movsb    ,rand SPEC2017   ,1       ,0      ,-1     ,0        ,100000 ,8192        ,1.199E+05 ,1.191E+05 ,1.199E+05 ,1.14E+05  ,4.260E+05 ,3.510E+03
memcpy_1_avx_movsb    ,rand SPEC2017   ,1       ,0      ,-1     ,1        ,100000 ,8192        ,1.201E+05 ,1.196E+05 ,1.201E+05 ,1.15E+05  ,4.147E+05 ,2.508E+03
memcpy_1_avx_movsb    ,rand SPEC2017   ,1       ,0      ,-1     ,2        ,100000 ,8192        ,1.247E+05 ,1.236E+05 ,1.246E+05 ,1.19E+05  ,4.134E+05 ,3.046E+03
memcpy_2_avx_movsb    ,rand SPEC2017   ,1       ,0      ,-1     ,0        ,100000 ,8192        ,1.310E+05 ,1.303E+05 ,1.310E+05 ,1.26E+05  ,4.207E+05 ,2.554E+03
memcpy_2_avx_movsb    ,rand SPEC2017   ,1       ,0      ,-1     ,1        ,100000 ,8192        ,1.308E+05 ,1.300E+05 ,1.307E+05 ,1.25E+05  ,5.190E+05 ,3.001E+03
memcpy_2_avx_movsb    ,rand SPEC2017   ,1       ,0      ,-1     ,2        ,100000 ,8192        ,1.349E+05 ,1.346E+05 ,1.349E+05 ,1.30E+05  ,5.167E+05 ,2.337E+03
memcpy_0_avx_movsb    ,rand SPEC2017   ,1       ,0      ,-1     ,0        ,100000 ,8192        ,1.207E+05 ,1.214E+05 ,1.206E+05 ,1.14E+05  ,4.120E+05 ,3.029E+03
memcpy_0_avx_movsb    ,rand SPEC2017   ,1       ,0      ,-1     ,1        ,100000 ,8192        ,1.283E+05 ,1.278E+05 ,1.283E+05 ,1.23E+05  ,4.176E+05 ,2.475E+03
memcpy_0_avx_movsb    ,rand SPEC2017   ,1       ,0      ,-1     ,2        ,100000 ,8192        ,1.285E+05 ,1.283E+05 ,1.285E+05 ,1.24E+05  ,1.167E+06 ,5.132E+03
memcpy_1_avx_movsb    ,rand SPEC2017   ,1       ,0      ,-1     ,0        ,100000 ,8192        ,1.199E+05 ,1.188E+05 ,1.197E+05 ,1.14E+05  ,1.442E+06 ,1.605E+04
memcpy_1_avx_movsb    ,rand SPEC2017   ,1       ,0      ,-1     ,1        ,100000 ,8192        ,1.209E+05 ,1.203E+05 ,1.209E+05 ,1.15E+05  ,4.837E+05 ,3.135E+03
memcpy_1_avx_movsb    ,rand SPEC2017   ,1       ,0      ,-1     ,2        ,100000 ,8192        ,1.239E+05 ,1.237E+05 ,1.239E+05 ,1.20E+05  ,4.132E+05 ,2.072E+03
memcpy_2_avx_movsb    ,rand SPEC2017   ,1       ,0      ,-1     ,0        ,100000 ,8192        ,1.317E+05 ,1.314E+05 ,1.317E+05 ,1.26E+05  ,4.371E+05 ,2.550E+03
memcpy_2_avx_movsb    ,rand SPEC2017   ,1       ,0      ,-1     ,1        ,100000 ,8192        ,1.295E+05 ,1.291E+05 ,1.295E+05 ,1.25E+05  ,4.216E+05 ,2.421E+03
memcpy_2_avx_movsb    ,rand SPEC2017   ,1       ,0      ,-1     ,2        ,100000 ,8192        ,1.337E+05 ,1.334E+05 ,1.336E+05 ,1.29E+05  ,7.651E+05 ,3.225E+03
memcpy_0_avx_movsb    ,rand SPEC2017   ,1       ,0      ,-1     ,0        ,100000 ,8192        ,1.206E+05 ,1.211E+05 ,1.206E+05 ,1.15E+05  ,4.170E+05 ,3.811E+03
memcpy_0_avx_movsb    ,rand SPEC2017   ,1       ,0      ,-1     ,1        ,100000 ,8192        ,1.282E+05 ,1.276E+05 ,1.282E+05 ,1.23E+05  ,4.286E+05 ,2.789E+03
memcpy_0_avx_movsb    ,rand SPEC2017   ,1       ,0      ,-1     ,2        ,100000 ,8192        ,1.290E+05 ,1.287E+05 ,1.290E+05 ,1.24E+05  ,4.161E+05 ,2.236E+03
memcpy_1_avx_movsb    ,rand SPEC2017   ,1       ,0      ,-1     ,0        ,100000 ,8192        ,1.199E+05 ,1.197E+05 ,1.199E+05 ,1.14E+05  ,4.076E+05 ,3.048E+03
memcpy_1_avx_movsb    ,rand SPEC2017   ,1       ,0      ,-1     ,1        ,100000 ,8192        ,1.214E+05 ,1.204E+05 ,1.213E+05 ,1.16E+05  ,4.132E+05 ,2.925E+03
memcpy_1_avx_movsb    ,rand SPEC2017   ,1       ,0      ,-1     ,2        ,100000 ,8192        ,1.245E+05 ,1.235E+05 ,1.245E+05 ,1.19E+05  ,7.684E+05 ,3.978E+03
memcpy_2_avx_movsb    ,rand SPEC2017   ,1       ,0      ,-1     ,0        ,100000 ,8192        ,1.318E+05 ,1.305E+05 ,1.316E+05 ,1.26E+05  ,1.520E+06 ,1.719E+04
memcpy_2_avx_movsb    ,rand SPEC2017   ,1       ,0      ,-1     ,1        ,100000 ,8192        ,1.312E+05 ,1.301E+05 ,1.311E+05 ,1.25E+05  ,4.173E+05 ,3.132E+03
memcpy_2_avx_movsb    ,rand SPEC2017   ,1       ,0      ,-1     ,2        ,100000 ,8192        ,1.345E+05 ,1.341E+05 ,1.345E+05 ,1.29E+05  ,4.261E+05 ,2.213E+03
memcpy_0_avx_movsb    ,rand SPEC2017   ,1       ,0      ,-1     ,0        ,100000 ,8192        ,1.201E+05 ,1.191E+05 ,1.201E+05 ,1.15E+05  ,4.111E+05 ,3.052E+03
memcpy_0_avx_movsb    ,rand SPEC2017   ,1       ,0      ,-1     ,1        ,100000 ,8192        ,1.292E+05 ,1.283E+05 ,1.292E+05 ,1.24E+05  ,4.209E+05 ,3.662E+03
memcpy_0_avx_movsb    ,rand SPEC2017   ,1       ,0      ,-1     ,2        ,100000 ,8192        ,1.290E+05 ,1.285E+05 ,1.290E+05 ,1.24E+05  ,4.294E+05 ,2.560E+03
memcpy_1_avx_movsb    ,rand SPEC2017   ,1       ,0      ,-1     ,0        ,100000 ,8192        ,1.210E+05 ,1.214E+05 ,1.210E+05 ,1.14E+05  ,4.109E+05 ,3.017E+03
memcpy_1_avx_movsb    ,rand SPEC2017   ,1       ,0      ,-1     ,1        ,100000 ,8192        ,1.211E+05 ,1.218E+05 ,1.211E+05 ,1.15E+05  ,4.071E+05 ,3.129E+03
memcpy_1_avx_movsb    ,rand SPEC2017   ,1       ,0      ,-1     ,2        ,100000 ,8192        ,1.239E+05 ,1.233E+05 ,1.239E+05 ,1.19E+05  ,4.260E+05 ,3.244E+03
memcpy_2_avx_movsb    ,rand SPEC2017   ,1       ,0      ,-1     ,0        ,100000 ,8192        ,1.321E+05 ,1.318E+05 ,1.321E+05 ,1.27E+05  ,4.208E+05 ,2.166E+03
memcpy_2_avx_movsb    ,rand SPEC2017   ,1       ,0      ,-1     ,1        ,100000 ,8192        ,1.311E+05 ,1.302E+05 ,1.311E+05 ,1.26E+05  ,4.218E+05 ,2.916E+03
memcpy_2_avx_movsb    ,rand SPEC2017   ,1       ,0      ,-1     ,2        ,100000 ,8192        ,1.346E+05 ,1.341E+05 ,1.346E+05 ,1.29E+05  ,4.294E+05 ,2.502E+03
memcpy_0_avx_movsb    ,rand SPEC2017   ,1       ,0      ,-1     ,0        ,100000 ,8192        ,1.204E+05 ,1.211E+05 ,1.204E+05 ,1.14E+05  ,4.126E+05 ,3.072E+03
memcpy_0_avx_movsb    ,rand SPEC2017   ,1       ,0      ,-1     ,1        ,100000 ,8192        ,1.293E+05 ,1.288E+05 ,1.293E+05 ,1.23E+05  ,4.219E+05 ,3.304E+03
memcpy_0_avx_movsb    ,rand SPEC2017   ,1       ,0      ,-1     ,2        ,100000 ,8192        ,1.293E+05 ,1.286E+05 ,1.293E+05 ,1.23E+05  ,4.321E+05 ,2.894E+03
memcpy_1_avx_movsb    ,rand SPEC2017   ,1       ,0      ,-1     ,0        ,100000 ,8192        ,1.205E+05 ,1.209E+05 ,1.205E+05 ,1.14E+05  ,4.131E+05 ,3.132E+03
memcpy_1_avx_movsb    ,rand SPEC2017   ,1       ,0      ,-1     ,1        ,100000 ,8192        ,1.216E+05 ,1.217E+05 ,1.216E+05 ,1.16E+05  ,4.229E+05 ,3.097E+03
memcpy_1_avx_movsb    ,rand SPEC2017   ,1       ,0      ,-1     ,2        ,100000 ,8192        ,1.249E+05 ,1.241E+05 ,1.249E+05 ,1.19E+05  ,4.132E+05 ,3.101E+03
memcpy_2_avx_movsb    ,rand SPEC2017   ,1       ,0      ,-1     ,0        ,100000 ,8192        ,1.324E+05 ,1.316E+05 ,1.324E+05 ,1.27E+05  ,4.246E+05 ,3.002E+03
memcpy_2_avx_movsb    ,rand SPEC2017   ,1       ,0      ,-1     ,1        ,100000 ,8192        ,1.299E+05 ,1.293E+05 ,1.299E+05 ,1.25E+05  ,4.453E+05 ,2.641E+03
memcpy_2_avx_movsb    ,rand SPEC2017   ,1       ,0      ,-1     ,2        ,100000 ,8192        ,1.349E+05 ,1.346E+05 ,1.349E+05 ,1.30E+05  ,4.287E+05 ,2.285E+03
memcpy_0_avx_movsb    ,rand SPEC2017   ,1       ,0      ,-1     ,0        ,100000 ,8192        ,1.199E+05 ,1.189E+05 ,1.199E+05 ,1.14E+05  ,4.144E+05 ,3.006E+03
memcpy_0_avx_movsb    ,rand SPEC2017   ,1       ,0      ,-1     ,1        ,100000 ,8192        ,1.285E+05 ,1.277E+05 ,1.285E+05 ,1.23E+05  ,4.196E+05 ,2.936E+03
memcpy_0_avx_movsb    ,rand SPEC2017   ,1       ,0      ,-1     ,2        ,100000 ,8192        ,1.289E+05 ,1.284E+05 ,1.289E+05 ,1.24E+05  ,4.256E+05 ,2.520E+03
memcpy_1_avx_movsb    ,rand SPEC2017   ,1       ,0      ,-1     ,0        ,100000 ,8192        ,1.200E+05 ,1.192E+05 ,1.200E+05 ,1.14E+05  ,4.100E+05 ,3.081E+03
memcpy_1_avx_movsb    ,rand SPEC2017   ,1       ,0      ,-1     ,1        ,100000 ,8192        ,1.216E+05 ,1.211E+05 ,1.215E+05 ,1.15E+05  ,1.491E+06 ,1.598E+04
memcpy_1_avx_movsb    ,rand SPEC2017   ,1       ,0      ,-1     ,2        ,100000 ,8192        ,1.246E+05 ,1.236E+05 ,1.246E+05 ,1.19E+05  ,4.131E+05 ,3.047E+03
memcpy_2_avx_movsb    ,rand SPEC2017   ,1       ,0      ,-1     ,0        ,100000 ,8192        ,1.330E+05 ,1.321E+05 ,1.330E+05 ,1.26E+05  ,4.228E+05 ,3.183E+03
memcpy_2_avx_movsb    ,rand SPEC2017   ,1       ,0      ,-1     ,1        ,100000 ,8192        ,1.308E+05 ,1.298E+05 ,1.308E+05 ,1.25E+05  ,4.198E+05 ,3.038E+03
memcpy_2_avx_movsb    ,rand SPEC2017   ,1       ,0      ,-1     ,2        ,100000 ,8192        ,1.349E+05 ,1.345E+05 ,1.349E+05 ,1.30E+05  ,4.221E+05 ,2.327E+03
memcpy_0_avx_movsb    ,rand SPEC2017   ,1       ,0      ,-1     ,0        ,100000 ,8192        ,1.208E+05 ,1.214E+05 ,1.208E+05 ,1.14E+05  ,4.291E+05 ,3.141E+03
memcpy_0_avx_movsb    ,rand SPEC2017   ,1       ,0      ,-1     ,1        ,100000 ,8192        ,1.285E+05 ,1.292E+05 ,1.285E+05 ,1.22E+05  ,4.182E+05 ,3.143E+03
memcpy_0_avx_movsb    ,rand SPEC2017   ,1       ,0      ,-1     ,2        ,100000 ,8192        ,1.306E+05 ,1.298E+05 ,1.306E+05 ,1.25E+05  ,4.168E+05 ,2.959E+03
memcpy_1_avx_movsb    ,rand SPEC2017   ,1       ,0      ,-1     ,0        ,100000 ,8192        ,1.205E+05 ,1.210E+05 ,1.205E+05 ,1.14E+05  ,4.082E+05 ,2.967E+03
memcpy_1_avx_movsb    ,rand SPEC2017   ,1       ,0      ,-1     ,1        ,100000 ,8192        ,1.216E+05 ,1.219E+05 ,1.215E+05 ,1.16E+05  ,4.282E+05 ,3.175E+03
memcpy_1_avx_movsb    ,rand SPEC2017   ,1       ,0      ,-1     ,2        ,100000 ,8192        ,1.248E+05 ,1.238E+05 ,1.248E+05 ,1.19E+05  ,4.645E+05 ,3.135E+03
memcpy_2_avx_movsb    ,rand SPEC2017   ,1       ,0      ,-1     ,0        ,100000 ,8192        ,1.311E+05 ,1.305E+05 ,1.311E+05 ,1.26E+05  ,4.366E+05 ,2.616E+03
memcpy_2_avx_movsb    ,rand SPEC2017   ,1       ,0      ,-1     ,1        ,100000 ,8192        ,1.321E+05 ,1.326E+05 ,1.320E+05 ,1.25E+05  ,4.289E+05 ,3.292E+03
memcpy_2_avx_movsb    ,rand SPEC2017   ,1       ,0      ,-1     ,2        ,100000 ,8192        ,1.357E+05 ,1.353E+05 ,1.357E+05 ,1.31E+05  ,4.232E+05 ,2.318E+03
memcpy_0_avx_movsb    ,rand SPEC2017   ,1       ,0      ,-1     ,0        ,100000 ,8192        ,1.205E+05 ,1.211E+05 ,1.205E+05 ,1.14E+05  ,4.155E+05 ,2.884E+03
memcpy_0_avx_movsb    ,rand SPEC2017   ,1       ,0      ,-1     ,1        ,100000 ,8192        ,1.282E+05 ,1.274E+05 ,1.282E+05 ,1.23E+05  ,4.176E+05 ,2.875E+03
memcpy_0_avx_movsb    ,rand SPEC2017   ,1       ,0      ,-1     ,2        ,100000 ,8192        ,1.303E+05 ,1.295E+05 ,1.303E+05 ,1.24E+05  ,4.298E+05 ,2.905E+03
memcpy_1_avx_movsb    ,rand SPEC2017   ,1       ,0      ,-1     ,0        ,100000 ,8192        ,1.211E+05 ,1.215E+05 ,1.210E+05 ,1.14E+05  ,4.128E+05 ,3.165E+03
memcpy_1_avx_movsb    ,rand SPEC2017   ,1       ,0      ,-1     ,1        ,100000 ,8192        ,1.221E+05 ,1.226E+05 ,1.220E+05 ,1.15E+05  ,4.209E+05 ,3.011E+03
memcpy_1_avx_movsb    ,rand SPEC2017   ,1       ,0      ,-1     ,2        ,100000 ,8192        ,1.247E+05 ,1.237E+05 ,1.247E+05 ,1.19E+05  ,4.138E+05 ,3.113E+03
memcpy_2_avx_movsb    ,rand SPEC2017   ,1       ,0      ,-1     ,0        ,100000 ,8192        ,1.315E+05 ,1.304E+05 ,1.315E+05 ,1.26E+05  ,4.262E+05 ,3.122E+03
memcpy_2_avx_movsb    ,rand SPEC2017   ,1       ,0      ,-1     ,1        ,100000 ,8192        ,1.313E+05 ,1.303E+05 ,1.313E+05 ,1.26E+05  ,4.213E+05 ,3.072E+03
memcpy_2_avx_movsb    ,rand SPEC2017   ,1       ,0      ,-1     ,2        ,100000 ,8192        ,1.350E+05 ,1.345E+05 ,1.350E+05 ,1.30E+05  ,4.365E+05 ,2.619E+03
memcpy_0_avx_movsb    ,rand SPEC2017   ,1       ,0      ,-1     ,0        ,100000 ,8192        ,1.208E+05 ,1.214E+05 ,1.207E+05 ,1.14E+05  ,4.086E+05 ,2.915E+03
memcpy_0_avx_movsb    ,rand SPEC2017   ,1       ,0      ,-1     ,1        ,100000 ,8192        ,1.288E+05 ,1.278E+05 ,1.288E+05 ,1.23E+05  ,1.046E+06 ,4.364E+03
memcpy_0_avx_movsb    ,rand SPEC2017   ,1       ,0      ,-1     ,2        ,100000 ,8192        ,1.304E+05 ,1.296E+05 ,1.302E+05 ,1.24E+05  ,1.505E+06 ,1.676E+04
memcpy_1_avx_movsb    ,rand SPEC2017   ,1       ,0      ,-1     ,0        ,100000 ,8192        ,1.213E+05 ,1.216E+05 ,1.212E+05 ,1.14E+05  ,4.190E+05 ,2.914E+03
memcpy_1_avx_movsb    ,rand SPEC2017   ,1       ,0      ,-1     ,1        ,100000 ,8192        ,1.216E+05 ,1.222E+05 ,1.216E+05 ,1.15E+05  ,4.105E+05 ,3.030E+03
memcpy_1_avx_movsb    ,rand SPEC2017   ,1       ,0      ,-1     ,2        ,100000 ,8192        ,1.242E+05 ,1.234E+05 ,1.241E+05 ,1.19E+05  ,4.122E+05 ,2.831E+03
memcpy_2_avx_movsb    ,rand SPEC2017   ,1       ,0      ,-1     ,0        ,100000 ,8192        ,1.314E+05 ,1.304E+05 ,1.313E+05 ,1.26E+05  ,4.200E+05 ,3.052E+03
memcpy_2_avx_movsb    ,rand SPEC2017   ,1       ,0      ,-1     ,1        ,100000 ,8192        ,1.316E+05 ,1.306E+05 ,1.316E+05 ,1.26E+05  ,4.324E+05 ,3.276E+03
memcpy_2_avx_movsb    ,rand SPEC2017   ,1       ,0      ,-1     ,2        ,100000 ,8192        ,1.355E+05 ,1.347E+05 ,1.354E+05 ,1.30E+05  ,4.276E+05 ,2.832E+03
memcpy_0_avx_movsb    ,rand SPEC2017   ,1       ,0      ,-1     ,0        ,100000 ,8192        ,1.208E+05 ,1.213E+05 ,1.207E+05 ,1.14E+05  ,4.085E+05 ,2.942E+03
memcpy_0_avx_movsb    ,rand SPEC2017   ,1       ,0      ,-1     ,1        ,100000 ,8192        ,1.298E+05 ,1.303E+05 ,1.298E+05 ,1.22E+05  ,4.183E+05 ,3.069E+03
memcpy_0_avx_movsb    ,rand SPEC2017   ,1       ,0      ,-1     ,2        ,100000 ,8192        ,1.300E+05 ,1.292E+05 ,1.299E+05 ,1.24E+05  ,4.199E+05 ,2.932E+03
memcpy_1_avx_movsb    ,rand SPEC2017   ,1       ,0      ,-1     ,0        ,100000 ,8192        ,1.208E+05 ,1.214E+05 ,1.208E+05 ,1.15E+05  ,4.256E+05 ,3.045E+03
memcpy_1_avx_movsb    ,rand SPEC2017   ,1       ,0      ,-1     ,1        ,100000 ,8192        ,1.215E+05 ,1.220E+05 ,1.215E+05 ,1.15E+05  ,4.242E+05 ,3.242E+03
memcpy_1_avx_movsb    ,rand SPEC2017   ,1       ,0      ,-1     ,2        ,100000 ,8192        ,1.254E+05 ,1.257E+05 ,1.252E+05 ,1.19E+05  ,1.490E+06 ,1.604E+04
memcpy_2_avx_movsb    ,rand SPEC2017   ,1       ,0      ,-1     ,0        ,100000 ,8192        ,1.325E+05 ,1.325E+05 ,1.325E+05 ,1.26E+05  ,4.230E+05 ,3.331E+03
memcpy_2_avx_movsb    ,rand SPEC2017   ,1       ,0      ,-1     ,1        ,100000 ,8192        ,1.311E+05 ,1.300E+05 ,1.311E+05 ,1.25E+05  ,4.200E+05 ,3.293E+03
memcpy_2_avx_movsb    ,rand SPEC2017   ,1       ,0      ,-1     ,2        ,100000 ,8192        ,1.339E+05 ,1.335E+05 ,1.339E+05 ,1.29E+05  ,4.287E+05 ,2.420E+03
memcpy_0_avx_movsb    ,rand SPEC2017   ,1       ,0      ,-1     ,0        ,100000 ,8192        ,1.205E+05 ,1.211E+05 ,1.205E+05 ,1.14E+05  ,4.243E+05 ,3.087E+03
memcpy_0_avx_movsb    ,rand SPEC2017   ,1       ,0      ,-1     ,1        ,100000 ,8192        ,1.293E+05 ,1.292E+05 ,1.293E+05 ,1.23E+05  ,4.865E+05 ,3.211E+03
memcpy_0_avx_movsb    ,rand SPEC2017   ,1       ,0      ,-1     ,2        ,100000 ,8192        ,1.298E+05 ,1.291E+05 ,1.298E+05 ,1.23E+05  ,4.176E+05 ,2.836E+03
memcpy_1_avx_movsb    ,rand SPEC2017   ,1       ,0      ,-1     ,0        ,100000 ,8192        ,1.211E+05 ,1.217E+05 ,1.211E+05 ,1.14E+05  ,4.106E+05 ,2.980E+03
memcpy_1_avx_movsb    ,rand SPEC2017   ,1       ,0      ,-1     ,1        ,100000 ,8192        ,1.220E+05 ,1.224E+05 ,1.220E+05 ,1.15E+05  ,4.126E+05 ,2.795E+03
memcpy_1_avx_movsb    ,rand SPEC2017   ,1       ,0      ,-1     ,2        ,100000 ,8192        ,1.249E+05 ,1.239E+05 ,1.249E+05 ,1.19E+05  ,4.136E+05 ,3.088E+03
memcpy_2_avx_movsb    ,rand SPEC2017   ,1       ,0      ,-1     ,0        ,100000 ,8192        ,1.316E+05 ,1.307E+05 ,1.316E+05 ,1.26E+05  ,4.303E+05 ,3.073E+03
memcpy_2_avx_movsb    ,rand SPEC2017   ,1       ,0      ,-1     ,1        ,100000 ,8192        ,1.316E+05 ,1.305E+05 ,1.316E+05 ,1.26E+05  ,4.281E+05 ,3.262E+03
memcpy_2_avx_movsb    ,rand SPEC2017   ,1       ,0      ,-1     ,2        ,100000 ,8192        ,1.346E+05 ,1.342E+05 ,1.346E+05 ,1.30E+05  ,4.282E+05 ,2.405E+03
memcpy_0_avx_movsb    ,rand SPEC2017   ,1       ,0      ,-1     ,0        ,100000 ,8192        ,1.207E+05 ,1.212E+05 ,1.207E+05 ,1.14E+05  ,4.222E+05 ,3.065E+03
memcpy_0_avx_movsb    ,rand SPEC2017   ,1       ,0      ,-1     ,1        ,100000 ,8192        ,1.295E+05 ,1.285E+05 ,1.294E+05 ,1.23E+05  ,4.353E+05 ,3.210E+03
memcpy_0_avx_movsb    ,rand SPEC2017   ,1       ,0      ,-1     ,2        ,100000 ,8192        ,1.301E+05 ,1.293E+05 ,1.301E+05 ,1.24E+05  ,4.236E+05 ,3.183E+03
memcpy_1_avx_movsb    ,rand SPEC2017   ,1       ,0      ,-1     ,0        ,100000 ,8192        ,1.211E+05 ,1.213E+05 ,1.211E+05 ,1.14E+05  ,4.233E+05 ,2.654E+03
memcpy_1_avx_movsb    ,rand SPEC2017   ,1       ,0      ,-1     ,1        ,100000 ,8192        ,1.220E+05 ,1.225E+05 ,1.220E+05 ,1.15E+05  ,4.108E+05 ,2.782E+03
memcpy_1_avx_movsb    ,rand SPEC2017   ,1       ,0      ,-1     ,2        ,100000 ,8192        ,1.248E+05 ,1.238E+05 ,1.247E+05 ,1.19E+05  ,4.138E+05 ,3.108E+03
memcpy_2_avx_movsb    ,rand SPEC2017   ,1       ,0      ,-1     ,0        ,100000 ,8192        ,1.337E+05 ,1.342E+05 ,1.336E+05 ,1.26E+05  ,4.401E+05 ,3.584E+03
memcpy_2_avx_movsb    ,rand SPEC2017   ,1       ,0      ,-1     ,1        ,100000 ,8192        ,1.320E+05 ,1.327E+05 ,1.320E+05 ,1.26E+05  ,4.246E+05 ,3.325E+03
memcpy_2_avx_movsb    ,rand SPEC2017   ,1       ,0      ,-1     ,2        ,100000 ,8192        ,1.354E+05 ,1.343E+05 ,1.354E+05 ,1.29E+05  ,4.245E+05 ,3.289E+03
memcpy_0_avx_movsb    ,rand SPEC2017   ,1       ,0      ,-1     ,0        ,100000 ,8192        ,1.215E+05 ,1.215E+05 ,1.215E+05 ,1.15E+05  ,4.142E+05 ,2.365E+03
memcpy_0_avx_movsb    ,rand SPEC2017   ,1       ,0      ,-1     ,1        ,100000 ,8192        ,1.292E+05 ,1.287E+05 ,1.291E+05 ,1.23E+05  ,4.238E+05 ,3.166E+03
memcpy_0_avx_movsb    ,rand SPEC2017   ,1       ,0      ,-1     ,2        ,100000 ,8192        ,1.306E+05 ,1.297E+05 ,1.306E+05 ,1.24E+05  ,4.787E+05 ,3.231E+03
memcpy_1_avx_movsb    ,rand SPEC2017   ,1       ,0      ,-1     ,0        ,100000 ,8192        ,1.216E+05 ,1.218E+05 ,1.214E+05 ,1.15E+05  ,1.487E+06 ,1.704E+04
memcpy_1_avx_movsb    ,rand SPEC2017   ,1       ,0      ,-1     ,1        ,100000 ,8192        ,1.224E+05 ,1.229E+05 ,1.224E+05 ,1.16E+05  ,4.107E+05 ,2.941E+03
memcpy_1_avx_movsb    ,rand SPEC2017   ,1       ,0      ,-1     ,2        ,100000 ,8192        ,1.258E+05 ,1.263E+05 ,1.257E+05 ,1.19E+05  ,4.166E+05 ,3.074E+03
memcpy_2_avx_movsb    ,rand SPEC2017   ,1       ,0      ,-1     ,0        ,100000 ,8192        ,1.316E+05 ,1.306E+05 ,1.315E+05 ,1.26E+05  ,4.206E+05 ,3.088E+03
memcpy_2_avx_movsb    ,rand SPEC2017   ,1       ,0      ,-1     ,1        ,100000 ,8192        ,1.317E+05 ,1.306E+05 ,1.316E+05 ,1.25E+05  ,4.252E+05 ,3.189E+03
memcpy_2_avx_movsb    ,rand SPEC2017   ,1       ,0      ,-1     ,2        ,100000 ,8192        ,1.355E+05 ,1.348E+05 ,1.355E+05 ,1.30E+05  ,4.225E+05 ,2.890E+03
memcpy_0_avx_movsb    ,rand SPEC2017   ,1       ,0      ,-1     ,0        ,100000 ,8192        ,1.215E+05 ,1.214E+05 ,1.214E+05 ,1.14E+05  ,4.152E+05 ,2.559E+03
memcpy_0_avx_movsb    ,rand SPEC2017   ,1       ,0      ,-1     ,1        ,100000 ,8192        ,1.292E+05 ,1.299E+05 ,1.291E+05 ,1.23E+05  ,4.162E+05 ,3.090E+03
memcpy_0_avx_movsb    ,rand SPEC2017   ,1       ,0      ,-1     ,2        ,100000 ,8192        ,1.301E+05 ,1.296E+05 ,1.300E+05 ,1.24E+05  ,4.174E+05 ,3.151E+03
memcpy_1_avx_movsb    ,rand SPEC2017   ,1       ,0      ,-1     ,0        ,100000 ,8192        ,1.216E+05 ,1.218E+05 ,1.216E+05 ,1.14E+05  ,4.208E+05 ,2.651E+03
memcpy_1_avx_movsb    ,rand SPEC2017   ,1       ,0      ,-1     ,1        ,100000 ,8192        ,1.225E+05 ,1.229E+05 ,1.225E+05 ,1.16E+05  ,4.234E+05 ,2.838E+03
memcpy_1_avx_movsb    ,rand SPEC2017   ,1       ,0      ,-1     ,2        ,100000 ,8192        ,1.255E+05 ,1.262E+05 ,1.255E+05 ,1.19E+05  ,4.260E+05 ,3.024E+03
memcpy_2_avx_movsb    ,rand SPEC2017   ,1       ,0      ,-1     ,0        ,100000 ,8192        ,1.328E+05 ,1.334E+05 ,1.328E+05 ,1.26E+05  ,4.230E+05 ,3.092E+03
memcpy_2_avx_movsb    ,rand SPEC2017   ,1       ,0      ,-1     ,1        ,100000 ,8192        ,1.309E+05 ,1.300E+05 ,1.309E+05 ,1.25E+05  ,4.194E+05 ,2.976E+03
memcpy_2_avx_movsb    ,rand SPEC2017   ,1       ,0      ,-1     ,2        ,100000 ,8192        ,1.351E+05 ,1.348E+05 ,1.351E+05 ,1.30E+05  ,4.229E+05 ,2.217E+03
memcpy_0_avx_movsb    ,rand SPEC2017   ,1       ,0      ,-1     ,0        ,100000 ,8192        ,1.211E+05 ,1.213E+05 ,1.210E+05 ,1.14E+05  ,4.087E+05 ,2.596E+03
memcpy_0_avx_movsb    ,rand SPEC2017   ,1       ,0      ,-1     ,1        ,100000 ,8192        ,1.294E+05 ,1.300E+05 ,1.294E+05 ,1.23E+05  ,4.251E+05 ,3.375E+03
memcpy_0_avx_movsb    ,rand SPEC2017   ,1       ,0      ,-1     ,2        ,100000 ,8192        ,1.309E+05 ,1.299E+05 ,1.308E+05 ,1.24E+05  ,4.710E+05 ,3.416E+03
memcpy_1_avx_movsb    ,rand SPEC2017   ,1       ,0      ,-1     ,0        ,100000 ,8192        ,1.221E+05 ,1.222E+05 ,1.221E+05 ,1.15E+05  ,4.114E+05 ,2.438E+03
memcpy_1_avx_movsb    ,rand SPEC2017   ,1       ,0      ,-1     ,1        ,100000 ,8192        ,1.223E+05 ,1.227E+05 ,1.223E+05 ,1.15E+05  ,4.117E+05 ,3.580E+03
memcpy_1_avx_movsb    ,rand SPEC2017   ,1       ,0      ,-1     ,2        ,100000 ,8192        ,1.253E+05 ,1.260E+05 ,1.253E+05 ,1.19E+05  ,4.196E+05 ,3.132E+03
memcpy_2_avx_movsb    ,rand SPEC2017   ,1       ,0      ,-1     ,0        ,100000 ,8192        ,1.334E+05 ,1.335E+05 ,1.333E+05 ,1.27E+05  ,4.262E+05 ,3.392E+03
memcpy_2_avx_movsb    ,rand SPEC2017   ,1       ,0      ,-1     ,1        ,100000 ,8192        ,1.328E+05 ,1.332E+05 ,1.327E+05 ,1.25E+05  ,4.383E+05 ,3.088E+03
memcpy_2_avx_movsb    ,rand SPEC2017   ,1       ,0      ,-1     ,2        ,100000 ,8192        ,1.358E+05 ,1.348E+05 ,1.358E+05 ,1.30E+05  ,4.293E+05 ,3.137E+03
memcpy_0_avx_movsb    ,rand SPEC2017   ,1       ,0      ,-1     ,0        ,100000 ,8192        ,1.213E+05 ,1.217E+05 ,1.212E+05 ,1.15E+05  ,7.584E+05 ,4.096E+03
memcpy_0_avx_movsb    ,rand SPEC2017   ,1       ,0      ,-1     ,1        ,100000 ,8192        ,1.291E+05 ,1.294E+05 ,1.289E+05 ,1.22E+05  ,1.497E+06 ,1.740E+04
memcpy_0_avx_movsb    ,rand SPEC2017   ,1       ,0      ,-1     ,2        ,100000 ,8192        ,1.307E+05 ,1.312E+05 ,1.307E+05 ,1.24E+05  ,4.237E+05 ,3.357E+03
memcpy_1_avx_movsb    ,rand SPEC2017   ,1       ,0      ,-1     ,0        ,100000 ,8192        ,1.210E+05 ,1.213E+05 ,1.209E+05 ,1.14E+05  ,4.205E+05 ,2.786E+03
memcpy_1_avx_movsb    ,rand SPEC2017   ,1       ,0      ,-1     ,1        ,100000 ,8192        ,1.213E+05 ,1.218E+05 ,1.213E+05 ,1.15E+05  ,4.141E+05 ,2.895E+03
memcpy_1_avx_movsb    ,rand SPEC2017   ,1       ,0      ,-1     ,2        ,100000 ,8192        ,1.259E+05 ,1.266E+05 ,1.258E+05 ,1.19E+05  ,4.106E+05 ,3.011E+03
memcpy_2_avx_movsb    ,rand SPEC2017   ,1       ,0      ,-1     ,0        ,100000 ,8192        ,1.323E+05 ,1.321E+05 ,1.323E+05 ,1.26E+05  ,1.137E+06 ,6.216E+03
memcpy_2_avx_movsb    ,rand SPEC2017   ,1       ,0      ,-1     ,1        ,100000 ,8192        ,1.318E+05 ,1.307E+05 ,1.318E+05 ,1.26E+05  ,4.216E+05 ,3.890E+03
memcpy_2_avx_movsb    ,rand SPEC2017   ,1       ,0      ,-1     ,2        ,100000 ,8192        ,1.358E+05 ,1.348E+05 ,1.357E+05 ,1.30E+05  ,4.236E+05 ,3.143E+03
memcpy_0_avx_movsb    ,rand SPEC2017   ,1       ,0      ,-1     ,0        ,100000 ,8192        ,1.213E+05 ,1.216E+05 ,1.213E+05 ,1.15E+05  ,4.148E+05 ,2.749E+03
memcpy_0_avx_movsb    ,rand SPEC2017   ,1       ,0      ,-1     ,1        ,100000 ,8192        ,1.298E+05 ,1.305E+05 ,1.298E+05 ,1.23E+05  ,4.229E+05 ,3.306E+03
memcpy_0_avx_movsb    ,rand SPEC2017   ,1       ,0      ,-1     ,2        ,100000 ,8192        ,1.309E+05 ,1.301E+05 ,1.309E+05 ,1.25E+05  ,4.228E+05 ,3.241E+03
memcpy_1_avx_movsb    ,rand SPEC2017   ,1       ,0      ,-1     ,0        ,100000 ,8192        ,1.216E+05 ,1.218E+05 ,1.215E+05 ,1.14E+05  ,7.666E+05 ,3.704E+03
memcpy_1_avx_movsb    ,rand SPEC2017   ,1       ,0      ,-1     ,1        ,100000 ,8192        ,1.217E+05 ,1.218E+05 ,1.215E+05 ,1.15E+05  ,1.491E+06 ,1.727E+04
memcpy_1_avx_movsb    ,rand SPEC2017   ,1       ,0      ,-1     ,2        ,100000 ,8192        ,1.248E+05 ,1.237E+05 ,1.248E+05 ,1.19E+05  ,4.166E+05 ,3.199E+03
memcpy_2_avx_movsb    ,rand SPEC2017   ,1       ,0      ,-1     ,0        ,100000 ,8192        ,1.325E+05 ,1.326E+05 ,1.325E+05 ,1.26E+05  ,4.226E+05 ,3.214E+03
memcpy_2_avx_movsb    ,rand SPEC2017   ,1       ,0      ,-1     ,1        ,100000 ,8192        ,1.323E+05 ,1.316E+05 ,1.322E+05 ,1.26E+05  ,4.271E+05 ,3.328E+03
memcpy_2_avx_movsb    ,rand SPEC2017   ,1       ,0      ,-1     ,2        ,100000 ,8192        ,1.361E+05 ,1.351E+05 ,1.360E+05 ,1.30E+05  ,4.365E+05 ,3.240E+03
memcpy_0_avx_movsb    ,rand SPEC2017   ,1       ,0      ,-1     ,0        ,100000 ,8192        ,1.212E+05 ,1.214E+05 ,1.212E+05 ,1.14E+05  ,7.642E+05 ,3.648E+03
memcpy_0_avx_movsb    ,rand SPEC2017   ,1       ,0      ,-1     ,1        ,100000 ,8192        ,1.298E+05 ,1.299E+05 ,1.298E+05 ,1.23E+05  ,4.189E+05 ,3.980E+03
memcpy_0_avx_movsb    ,rand SPEC2017   ,1       ,0      ,-1     ,2        ,100000 ,8192        ,1.310E+05 ,1.300E+05 ,1.309E+05 ,1.25E+05  ,4.228E+05 ,3.179E+03
memcpy_1_avx_movsb    ,rand SPEC2017   ,1       ,0      ,-1     ,0        ,100000 ,8192        ,1.214E+05 ,1.216E+05 ,1.214E+05 ,1.14E+05  ,4.156E+05 ,2.667E+03
memcpy_1_avx_movsb    ,rand SPEC2017   ,1       ,0      ,-1     ,1        ,100000 ,8192        ,1.219E+05 ,1.224E+05 ,1.218E+05 ,1.15E+05  ,4.202E+05 ,2.859E+03
memcpy_1_avx_movsb    ,rand SPEC2017   ,1       ,0      ,-1     ,2        ,100000 ,8192        ,1.246E+05 ,1.236E+05 ,1.245E+05 ,1.19E+05  ,4.130E+05 ,3.031E+03
memcpy_2_avx_movsb    ,rand SPEC2017   ,1       ,0      ,-1     ,0        ,100000 ,8192        ,1.319E+05 ,1.309E+05 ,1.319E+05 ,1.26E+05  ,4.380E+05 ,3.196E+03
memcpy_2_avx_movsb    ,rand SPEC2017   ,1       ,0      ,-1     ,1        ,100000 ,8192        ,1.319E+05 ,1.310E+05 ,1.319E+05 ,1.26E+05  ,4.233E+05 ,3.237E+03
memcpy_2_avx_movsb    ,rand SPEC2017   ,1       ,0      ,-1     ,2        ,100000 ,8192        ,1.349E+05 ,1.344E+05 ,1.349E+05 ,1.30E+05  ,4.243E+05 ,2.490E+03
memcpy_0_avx_movsb    ,rand SPEC2017   ,1       ,0      ,-1     ,0        ,100000 ,8192        ,1.217E+05 ,1.218E+05 ,1.216E+05 ,1.15E+05  ,4.143E+05 ,2.482E+03
memcpy_0_avx_movsb    ,rand SPEC2017   ,1       ,0      ,-1     ,1        ,100000 ,8192        ,1.294E+05 ,1.285E+05 ,1.293E+05 ,1.24E+05  ,4.194E+05 ,2.977E+03
memcpy_0_avx_movsb    ,rand SPEC2017   ,1       ,0      ,-1     ,2        ,100000 ,8192        ,1.293E+05 ,1.285E+05 ,1.293E+05 ,1.24E+05  ,4.279E+05 ,3.155E+03
memcpy_1_avx_movsb    ,rand SPEC2017   ,1       ,0      ,-1     ,0        ,100000 ,8192        ,1.201E+05 ,1.206E+05 ,1.201E+05 ,1.14E+05  ,4.220E+05 ,3.122E+03
memcpy_1_avx_movsb    ,rand SPEC2017   ,1       ,0      ,-1     ,1        ,100000 ,8192        ,1.207E+05 ,1.213E+05 ,1.207E+05 ,1.15E+05  ,4.156E+05 ,3.236E+03
memcpy_1_avx_movsb    ,rand SPEC2017   ,1       ,0      ,-1     ,2        ,100000 ,8192        ,1.247E+05 ,1.254E+05 ,1.247E+05 ,1.19E+05  ,4.254E+05 ,3.202E+03
memcpy_2_avx_movsb    ,rand SPEC2017   ,1       ,0      ,-1     ,0        ,100000 ,8192        ,1.325E+05 ,1.317E+05 ,1.325E+05 ,1.27E+05  ,4.229E+05 ,3.113E+03
memcpy_2_avx_movsb    ,rand SPEC2017   ,1       ,0      ,-1     ,1        ,100000 ,8192        ,1.310E+05 ,1.300E+05 ,1.309E+05 ,1.25E+05  ,4.457E+05 ,3.005E+03
memcpy_2_avx_movsb    ,rand SPEC2017   ,1       ,0      ,-1     ,2        ,100000 ,8192        ,1.353E+05 ,1.345E+05 ,1.353E+05 ,1.30E+05  ,4.242E+05 ,2.837E+03
memcpy_0_avx_movsb    ,rand SPEC2017   ,1       ,0      ,-1     ,0        ,100000 ,8192        ,1.217E+05 ,1.219E+05 ,1.216E+05 ,1.15E+05  ,4.307E+05 ,2.713E+03
memcpy_0_avx_movsb    ,rand SPEC2017   ,1       ,0      ,-1     ,1        ,100000 ,8192        ,1.288E+05 ,1.294E+05 ,1.287E+05 ,1.22E+05  ,1.082E+06 ,5.152E+03
memcpy_0_avx_movsb    ,rand SPEC2017   ,1       ,0      ,-1     ,2        ,100000 ,8192        ,1.312E+05 ,1.299E+05 ,1.310E+05 ,1.24E+05  ,1.496E+06 ,1.726E+04
memcpy_1_avx_movsb    ,rand SPEC2017   ,1       ,0      ,-1     ,0        ,100000 ,8192        ,1.216E+05 ,1.219E+05 ,1.215E+05 ,1.15E+05  ,4.168E+05 ,2.708E+03
memcpy_1_avx_movsb    ,rand SPEC2017   ,1       ,0      ,-1     ,1        ,100000 ,8192        ,1.215E+05 ,1.219E+05 ,1.214E+05 ,1.15E+05  ,4.386E+05 ,2.982E+03
memcpy_1_avx_movsb    ,rand SPEC2017   ,1       ,0      ,-1     ,2        ,100000 ,8192        ,1.240E+05 ,1.230E+05 ,1.240E+05 ,1.18E+05  ,4.255E+05 ,3.228E+03
memcpy_2_avx_movsb    ,rand SPEC2017   ,1       ,0      ,-1     ,0        ,100000 ,8192        ,1.327E+05 ,1.318E+05 ,1.327E+05 ,1.26E+05  ,4.259E+05 ,3.198E+03
memcpy_2_avx_movsb    ,rand SPEC2017   ,1       ,0      ,-1     ,1        ,100000 ,8192        ,1.313E+05 ,1.320E+05 ,1.312E+05 ,1.25E+05  ,7.493E+05 ,4.037E+03
memcpy_2_avx_movsb    ,rand SPEC2017   ,1       ,0      ,-1     ,2        ,100000 ,8192        ,1.349E+05 ,1.340E+05 ,1.348E+05 ,1.29E+05  ,4.351E+05 ,3.687E+03
memcpy_0_avx_movsb    ,rand SPEC2017   ,1       ,0      ,-1     ,0        ,100000 ,8192        ,1.215E+05 ,1.218E+05 ,1.214E+05 ,1.15E+05  ,4.203E+05 ,2.941E+03
memcpy_0_avx_movsb    ,rand SPEC2017   ,1       ,0      ,-1     ,1        ,100000 ,8192        ,1.290E+05 ,1.280E+05 ,1.289E+05 ,1.23E+05  ,4.173E+05 ,3.224E+03
memcpy_0_avx_movsb    ,rand SPEC2017   ,1       ,0      ,-1     ,2        ,100000 ,8192        ,1.304E+05 ,1.295E+05 ,1.303E+05 ,1.24E+05  ,4.294E+05 ,3.179E+03
memcpy_1_avx_movsb    ,rand SPEC2017   ,1       ,0      ,-1     ,0        ,100000 ,8192        ,1.212E+05 ,1.216E+05 ,1.211E+05 ,1.14E+05  ,4.166E+05 ,2.863E+03
memcpy_1_avx_movsb    ,rand SPEC2017   ,1       ,0      ,-1     ,1        ,100000 ,8192        ,1.210E+05 ,1.216E+05 ,1.209E+05 ,1.15E+05  ,7.514E+05 ,4.010E+03
memcpy_1_avx_movsb    ,rand SPEC2017   ,1       ,0      ,-1     ,2        ,100000 ,8192        ,1.255E+05 ,1.258E+05 ,1.253E+05 ,1.19E+05  ,1.532E+06 ,1.753E+04
memcpy_2_avx_movsb    ,rand SPEC2017   ,1       ,0      ,-1     ,0        ,100000 ,8192        ,1.324E+05 ,1.322E+05 ,1.323E+05 ,1.26E+05  ,4.226E+05 ,3.233E+03
memcpy_2_avx_movsb    ,rand SPEC2017   ,1       ,0      ,-1     ,1        ,100000 ,8192        ,1.312E+05 ,1.302E+05 ,1.312E+05 ,1.25E+05  ,4.247E+05 ,3.106E+03
memcpy_2_avx_movsb    ,rand SPEC2017   ,1       ,0      ,-1     ,2        ,100000 ,8192        ,1.352E+05 ,1.343E+05 ,1.351E+05 ,1.30E+05  ,4.292E+05 ,2.888E+03
memcpy_0_avx_movsb    ,rand SPEC2017   ,1       ,0      ,-1     ,0        ,100000 ,8192        ,1.209E+05 ,1.212E+05 ,1.208E+05 ,1.14E+05  ,4.195E+05 ,2.707E+03
memcpy_0_avx_movsb    ,rand SPEC2017   ,1       ,0      ,-1     ,1        ,100000 ,8192        ,1.299E+05 ,1.304E+05 ,1.298E+05 ,1.23E+05  ,8.068E+05 ,4.075E+03
memcpy_0_avx_movsb    ,rand SPEC2017   ,1       ,0      ,-1     ,2        ,100000 ,8192        ,1.308E+05 ,1.315E+05 ,1.307E+05 ,1.24E+05  ,4.228E+05 ,3.332E+03
memcpy_1_avx_movsb    ,rand SPEC2017   ,1       ,0      ,-1     ,0        ,100000 ,8192        ,1.210E+05 ,1.213E+05 ,1.210E+05 ,1.14E+05  ,4.083E+05 ,2.589E+03
memcpy_1_avx_movsb    ,rand SPEC2017   ,1       ,0      ,-1     ,1        ,100000 ,8192        ,1.217E+05 ,1.223E+05 ,1.217E+05 ,1.15E+05  ,4.123E+05 ,3.030E+03
memcpy_1_avx_movsb    ,rand SPEC2017   ,1       ,0      ,-1     ,2        ,100000 ,8192        ,1.262E+05 ,1.266E+05 ,1.262E+05 ,1.19E+05  ,4.243E+05 ,2.684E+03
memcpy_2_avx_movsb    ,rand SPEC2017   ,1       ,0      ,-1     ,0        ,100000 ,8192        ,1.326E+05 ,1.333E+05 ,1.326E+05 ,1.26E+05  ,4.229E+05 ,3.210E+03
memcpy_2_avx_movsb    ,rand SPEC2017   ,1       ,0      ,-1     ,1        ,100000 ,8192        ,1.314E+05 ,1.320E+05 ,1.314E+05 ,1.25E+05  ,4.295E+05 ,3.273E+03
memcpy_2_avx_movsb    ,rand SPEC2017   ,1       ,0      ,-1     ,2        ,100000 ,8192        ,1.359E+05 ,1.349E+05 ,1.358E+05 ,1.30E+05  ,4.331E+05 ,3.005E+03
memcpy_0_avx_movsb    ,rand SPEC2017   ,1       ,0      ,-1     ,0        ,100000 ,8192        ,1.213E+05 ,1.214E+05 ,1.213E+05 ,1.14E+05  ,4.118E+05 ,2.361E+03
memcpy_0_avx_movsb    ,rand SPEC2017   ,1       ,0      ,-1     ,1        ,100000 ,8192        ,1.300E+05 ,1.303E+05 ,1.300E+05 ,1.22E+05  ,4.206E+05 ,2.831E+03
memcpy_0_avx_movsb    ,rand SPEC2017   ,1       ,0      ,-1     ,2        ,100000 ,8192        ,1.310E+05 ,1.316E+05 ,1.310E+05 ,1.24E+05  ,6.448E+05 ,4.759E+03
memcpy_1_avx_movsb    ,rand SPEC2017   ,1       ,0      ,-1     ,0        ,100000 ,8192        ,1.222E+05 ,1.225E+05 ,1.222E+05 ,1.15E+05  ,4.182E+05 ,3.363E+03
memcpy_1_avx_movsb    ,rand SPEC2017   ,1       ,0      ,-1     ,1        ,100000 ,8192        ,1.227E+05 ,1.234E+05 ,1.227E+05 ,1.16E+05  ,4.145E+05 ,3.038E+03
memcpy_1_avx_movsb    ,rand SPEC2017   ,1       ,0      ,-1     ,2        ,100000 ,8192        ,1.261E+05 ,1.266E+05 ,1.260E+05 ,1.19E+05  ,7.795E+05 ,3.622E+03
memcpy_2_avx_movsb    ,rand SPEC2017   ,1       ,0      ,-1     ,0        ,100000 ,8192        ,1.332E+05 ,1.338E+05 ,1.332E+05 ,1.26E+05  ,4.271E+05 ,3.409E+03
memcpy_2_avx_movsb    ,rand SPEC2017   ,1       ,0      ,-1     ,1        ,100000 ,8192        ,1.322E+05 ,1.328E+05 ,1.321E+05 ,1.25E+05  ,4.246E+05 ,3.182E+03
memcpy_2_avx_movsb    ,rand SPEC2017   ,1       ,0      ,-1     ,2        ,100000 ,8192        ,1.351E+05 ,1.340E+05 ,1.351E+05 ,1.29E+05  ,4.227E+05 ,3.359E+03
memcpy_0_avx_movsb    ,rand SPEC2017   ,1       ,0      ,-1     ,0        ,100000 ,8192        ,1.217E+05 ,1.219E+05 ,1.217E+05 ,1.15E+05  ,4.193E+05 ,2.751E+03
memcpy_0_avx_movsb    ,rand SPEC2017   ,1       ,0      ,-1     ,1        ,100000 ,8192        ,1.300E+05 ,1.294E+05 ,1.299E+05 ,1.23E+05  ,4.209E+05 ,3.180E+03
memcpy_0_avx_movsb    ,rand SPEC2017   ,1       ,0      ,-1     ,2        ,100000 ,8192        ,1.304E+05 ,1.294E+05 ,1.304E+05 ,1.25E+05  ,4.214E+05 ,3.165E+03
memcpy_1_avx_movsb    ,rand SPEC2017   ,1       ,0      ,-1     ,0        ,100000 ,8192        ,1.216E+05 ,1.216E+05 ,1.214E+05 ,1.14E+05  ,1.519E+06 ,1.713E+04
memcpy_1_avx_movsb    ,rand SPEC2017   ,1       ,0      ,-1     ,1        ,100000 ,8192        ,1.224E+05 ,1.231E+05 ,1.224E+05 ,1.16E+05  ,4.143E+05 ,3.270E+03
memcpy_1_avx_movsb    ,rand SPEC2017   ,1       ,0      ,-1     ,2        ,100000 ,8192        ,1.253E+05 ,1.261E+05 ,1.253E+05 ,1.19E+05  ,4.128E+05 ,3.137E+03
memcpy_2_avx_movsb    ,rand SPEC2017   ,1       ,0      ,-1     ,0        ,100000 ,8192        ,1.335E+05 ,1.340E+05 ,1.335E+05 ,1.26E+05  ,4.331E+05 ,3.381E+03
memcpy_2_avx_movsb    ,rand SPEC2017   ,1       ,0      ,-1     ,1        ,100000 ,8192        ,1.308E+05 ,1.297E+05 ,1.308E+05 ,1.25E+05  ,4.258E+05 ,3.259E+03
memcpy_2_avx_movsb    ,rand SPEC2017   ,1       ,0      ,-1     ,2        ,100000 ,8192        ,1.361E+05 ,1.351E+05 ,1.361E+05 ,1.30E+05  ,4.312E+05 ,3.394E+03
memcpy_0_avx_movsb    ,rand SPEC2017   ,1       ,0      ,-1     ,0        ,100000 ,8192        ,1.212E+05 ,1.212E+05 ,1.211E+05 ,1.14E+05  ,4.101E+05 ,2.267E+03
memcpy_0_avx_movsb    ,rand SPEC2017   ,1       ,0      ,-1     ,1        ,100000 ,8192        ,1.294E+05 ,1.300E+05 ,1.294E+05 ,1.23E+05  ,4.273E+05 ,3.239E+03
memcpy_0_avx_movsb    ,rand SPEC2017   ,1       ,0      ,-1     ,2        ,100000 ,8192        ,1.317E+05 ,1.323E+05 ,1.317E+05 ,1.25E+05  ,4.322E+05 ,3.004E+03
memcpy_1_avx_movsb    ,rand SPEC2017   ,1       ,0      ,-1     ,0        ,100000 ,8192        ,1.220E+05 ,1.222E+05 ,1.220E+05 ,1.14E+05  ,4.167E+05 ,2.765E+03
memcpy_1_avx_movsb    ,rand SPEC2017   ,1       ,0      ,-1     ,1        ,100000 ,8192        ,1.224E+05 ,1.229E+05 ,1.224E+05 ,1.16E+05  ,4.099E+05 ,2.829E+03
memcpy_1_avx_movsb    ,rand SPEC2017   ,1       ,0      ,-1     ,2        ,100000 ,8192        ,1.247E+05 ,1.237E+05 ,1.247E+05 ,1.19E+05  ,4.258E+05 ,3.102E+03
memcpy_2_avx_movsb    ,rand SPEC2017   ,1       ,0      ,-1     ,0        ,100000 ,8192        ,1.331E+05 ,1.334E+05 ,1.329E+05 ,1.26E+05  ,1.544E+06 ,1.716E+04
memcpy_2_avx_movsb    ,rand SPEC2017   ,1       ,0      ,-1     ,1        ,100000 ,8192        ,1.316E+05 ,1.305E+05 ,1.316E+05 ,1.26E+05  ,4.205E+05 ,3.103E+03
memcpy_2_avx_movsb    ,rand SPEC2017   ,1       ,0      ,-1     ,2        ,100000 ,8192        ,1.353E+05 ,1.345E+05 ,1.353E+05 ,1.30E+05  ,4.313E+05 ,3.152E+03
memcpy_0_avx_movsb    ,rand SPEC2017   ,1       ,0      ,-1     ,0        ,100000 ,8192        ,1.213E+05 ,1.218E+05 ,1.212E+05 ,1.15E+05  ,4.084E+05 ,2.989E+03
memcpy_0_avx_movsb    ,rand SPEC2017   ,1       ,0      ,-1     ,1        ,100000 ,8192        ,1.294E+05 ,1.301E+05 ,1.294E+05 ,1.23E+05  ,4.188E+05 ,3.186E+03
memcpy_0_avx_movsb    ,rand SPEC2017   ,1       ,0      ,-1     ,2        ,100000 ,8192        ,1.309E+05 ,1.299E+05 ,1.308E+05 ,1.25E+05  ,4.211E+05 ,3.159E+03
memcpy_1_avx_movsb    ,rand SPEC2017   ,1       ,0      ,-1     ,0        ,100000 ,8192        ,1.216E+05 ,1.216E+05 ,1.215E+05 ,1.14E+05  ,5.412E+05 ,3.753E+03
memcpy_1_avx_movsb    ,rand SPEC2017   ,1       ,0      ,-1     ,1        ,100000 ,8192        ,1.221E+05 ,1.225E+05 ,1.221E+05 ,1.15E+05  ,4.248E+05 ,3.265E+03
memcpy_1_avx_movsb    ,rand SPEC2017   ,1       ,0      ,-1     ,2        ,100000 ,8192        ,1.253E+05 ,1.261E+05 ,1.253E+05 ,1.19E+05  ,4.224E+05 ,3.149E+03
memcpy_2_avx_movsb    ,rand SPEC2017   ,1       ,0      ,-1     ,0        ,100000 ,8192        ,1.327E+05 ,1.333E+05 ,1.326E+05 ,1.26E+05  ,4.245E+05 ,3.218E+03
memcpy_2_avx_movsb    ,rand SPEC2017   ,1       ,0      ,-1     ,1        ,100000 ,8192        ,1.320E+05 ,1.327E+05 ,1.320E+05 ,1.25E+05  ,4.330E+05 ,3.164E+03
memcpy_2_avx_movsb    ,rand SPEC2017   ,1       ,0      ,-1     ,2        ,100000 ,8192        ,1.343E+05 ,1.336E+05 ,1.342E+05 ,1.29E+05  ,4.365E+05 ,2.767E+03
memcpy_0_avx_movsb    ,rand SPEC2017   ,1       ,0      ,-1     ,0        ,100000 ,8192        ,1.216E+05 ,1.219E+05 ,1.215E+05 ,1.15E+05  ,4.194E+05 ,2.886E+03
memcpy_0_avx_movsb    ,rand SPEC2017   ,1       ,0      ,-1     ,1        ,100000 ,8192        ,1.301E+05 ,1.307E+05 ,1.300E+05 ,1.23E+05  ,4.208E+05 ,3.154E+03
memcpy_0_avx_movsb    ,rand SPEC2017   ,1       ,0      ,-1     ,2        ,100000 ,8192        ,1.308E+05 ,1.298E+05 ,1.308E+05 ,1.24E+05  ,4.237E+05 ,3.094E+03
memcpy_1_avx_movsb    ,rand SPEC2017   ,1       ,0      ,-1     ,0        ,100000 ,8192        ,1.218E+05 ,1.219E+05 ,1.218E+05 ,1.14E+05  ,4.128E+05 ,2.654E+03
memcpy_1_avx_movsb    ,rand SPEC2017   ,1       ,0      ,-1     ,1        ,100000 ,8192        ,1.225E+05 ,1.228E+05 ,1.224E+05 ,1.16E+05  ,4.248E+05 ,2.993E+03
memcpy_1_avx_movsb    ,rand SPEC2017   ,1       ,0      ,-1     ,2        ,100000 ,8192        ,1.259E+05 ,1.266E+05 ,1.259E+05 ,1.19E+05  ,4.148E+05 ,2.904E+03
memcpy_2_avx_movsb    ,rand SPEC2017   ,1       ,0      ,-1     ,0        ,100000 ,8192        ,1.342E+05 ,1.349E+05 ,1.342E+05 ,1.27E+05  ,4.359E+05 ,3.231E+03
memcpy_2_avx_movsb    ,rand SPEC2017   ,1       ,0      ,-1     ,1        ,100000 ,8192        ,1.319E+05 ,1.313E+05 ,1.319E+05 ,1.26E+05  ,4.255E+05 ,3.325E+03
memcpy_2_avx_movsb    ,rand SPEC2017   ,1       ,0      ,-1     ,2        ,100000 ,8192        ,1.358E+05 ,1.349E+05 ,1.357E+05 ,1.30E+05  ,4.289E+05 ,2.915E+03
memcpy_0_avx_movsb    ,rand SPEC2017   ,1       ,0      ,-1     ,0        ,100000 ,8192        ,1.214E+05 ,1.214E+05 ,1.214E+05 ,1.14E+05  ,4.199E+05 ,2.353E+03
memcpy_0_avx_movsb    ,rand SPEC2017   ,1       ,0      ,-1     ,1        ,100000 ,8192        ,1.308E+05 ,1.313E+05 ,1.308E+05 ,1.24E+05  ,4.360E+05 ,3.090E+03
memcpy_0_avx_movsb    ,rand SPEC2017   ,1       ,0      ,-1     ,2        ,100000 ,8192        ,1.307E+05 ,1.314E+05 ,1.307E+05 ,1.24E+05  ,4.306E+05 ,3.361E+03
memcpy_1_avx_movsb    ,rand SPEC2017   ,1       ,0      ,-1     ,0        ,100000 ,8192        ,1.222E+05 ,1.225E+05 ,1.222E+05 ,1.15E+05  ,7.563E+05 ,3.705E+03
memcpy_1_avx_movsb    ,rand SPEC2017   ,1       ,0      ,-1     ,1        ,100000 ,8192        ,1.225E+05 ,1.225E+05 ,1.223E+05 ,1.15E+05  ,1.527E+06 ,1.732E+04
memcpy_1_avx_movsb    ,rand SPEC2017   ,1       ,0      ,-1     ,2        ,100000 ,8192        ,1.260E+05 ,1.266E+05 ,1.259E+05 ,1.19E+05  ,4.132E+05 ,2.950E+03
memcpy_2_avx_movsb    ,rand SPEC2017   ,1       ,0      ,-1     ,0        ,100000 ,8192        ,1.335E+05 ,1.337E+05 ,1.335E+05 ,1.27E+05  ,4.296E+05 ,3.470E+03
memcpy_2_avx_movsb    ,rand SPEC2017   ,1       ,0      ,-1     ,1        ,100000 ,8192        ,1.330E+05 ,1.332E+05 ,1.329E+05 ,1.26E+05  ,4.409E+05 ,2.923E+03
memcpy_2_avx_movsb    ,rand SPEC2017   ,1       ,0      ,-1     ,2        ,100000 ,8192        ,1.357E+05 ,1.347E+05 ,1.357E+05 ,1.30E+05  ,4.324E+05 ,3.339E+03
memcpy_0_avx_movsb    ,rand SPEC2017   ,1       ,0      ,-1     ,0        ,100000 ,8192        ,1.220E+05 ,1.219E+05 ,1.220E+05 ,1.15E+05  ,1.124E+06 ,4.635E+03
memcpy_0_avx_movsb    ,rand SPEC2017   ,1       ,0      ,-1     ,1        ,100000 ,8192        ,1.303E+05 ,1.309E+05 ,1.302E+05 ,1.24E+05  ,4.230E+05 ,4.048E+03
memcpy_0_avx_movsb    ,rand SPEC2017   ,1       ,0      ,-1     ,2        ,100000 ,8192        ,1.313E+05 ,1.320E+05 ,1.313E+05 ,1.24E+05  ,4.224E+05 ,3.260E+03
memcpy_1_avx_movsb    ,rand SPEC2017   ,1       ,0      ,-1     ,0        ,100000 ,8192        ,1.214E+05 ,1.214E+05 ,1.214E+05 ,1.17E+05  ,4.134E+05 ,1.855E+03
memcpy_1_avx_movsb    ,rand SPEC2017   ,1       ,0      ,-1     ,1        ,100000 ,8192        ,1.231E+05 ,1.231E+05 ,1.230E+05 ,1.16E+05  ,4.115E+05 ,2.200E+03
memcpy_1_avx_movsb    ,rand SPEC2017   ,1       ,0      ,-1     ,2        ,100000 ,8192        ,1.252E+05 ,1.243E+05 ,1.252E+05 ,1.19E+05  ,4.133E+05 ,3.084E+03
memcpy_2_avx_movsb    ,rand SPEC2017   ,1       ,0      ,-1     ,0        ,100000 ,8192        ,1.330E+05 ,1.320E+05 ,1.330E+05 ,1.27E+05  ,4.341E+05 ,3.375E+03
memcpy_2_avx_movsb    ,rand SPEC2017   ,1       ,0      ,-1     ,1        ,100000 ,8192        ,1.325E+05 ,1.328E+05 ,1.323E+05 ,1.25E+05  ,1.530E+06 ,1.709E+04
memcpy_2_avx_movsb    ,rand SPEC2017   ,1       ,0      ,-1     ,2        ,100000 ,8192        ,1.358E+05 ,1.348E+05 ,1.358E+05 ,1.30E+05  ,4.253E+05 ,3.281E+03
memcpy_0_avx_movsb    ,rand SPEC2017   ,1       ,0      ,-1     ,0        ,100000 ,8192        ,1.213E+05 ,1.213E+05 ,1.213E+05 ,1.14E+05  ,4.106E+05 ,2.400E+03
memcpy_0_avx_movsb    ,rand SPEC2017   ,1       ,0      ,-1     ,1        ,100000 ,8192        ,1.297E+05 ,1.303E+05 ,1.297E+05 ,1.23E+05  ,4.422E+05 ,3.010E+03
memcpy_0_avx_movsb    ,rand SPEC2017   ,1       ,0      ,-1     ,2        ,100000 ,8192        ,1.307E+05 ,1.314E+05 ,1.307E+05 ,1.23E+05  ,4.147E+05 ,3.082E+03
memcpy_1_avx_movsb    ,rand SPEC2017   ,1       ,0      ,-1     ,0        ,100000 ,8192        ,1.221E+05 ,1.222E+05 ,1.221E+05 ,1.15E+05  ,4.104E+05 ,2.441E+03
memcpy_1_avx_movsb    ,rand SPEC2017   ,1       ,0      ,-1     ,1        ,100000 ,8192        ,1.226E+05 ,1.227E+05 ,1.226E+05 ,1.15E+05  ,4.140E+05 ,2.418E+03
memcpy_1_avx_movsb    ,rand SPEC2017   ,1       ,0      ,-1     ,2        ,100000 ,8192        ,1.255E+05 ,1.262E+05 ,1.255E+05 ,1.19E+05  ,4.163E+05 ,2.963E+03
memcpy_2_avx_movsb    ,rand SPEC2017   ,1       ,0      ,-1     ,0        ,100000 ,8192        ,1.338E+05 ,1.344E+05 ,1.338E+05 ,1.27E+05  ,4.339E+05 ,3.352E+03
memcpy_2_avx_movsb    ,rand SPEC2017   ,1       ,0      ,-1     ,1        ,100000 ,8192        ,1.316E+05 ,1.323E+05 ,1.316E+05 ,1.25E+05  ,4.279E+05 ,3.067E+03
memcpy_2_avx_movsb    ,rand SPEC2017   ,1       ,0      ,-1     ,2        ,100000 ,8192        ,1.363E+05 ,1.355E+05 ,1.362E+05 ,1.30E+05  ,4.820E+05 ,3.465E+03
memcpy_0_avx_movsb    ,rand SPEC2017   ,1       ,0      ,-1     ,0        ,100000 ,8192        ,1.219E+05 ,1.219E+05 ,1.219E+05 ,1.15E+05  ,4.225E+05 ,2.195E+03
memcpy_0_avx_movsb    ,rand SPEC2017   ,1       ,0      ,-1     ,1        ,100000 ,8192        ,1.304E+05 ,1.308E+05 ,1.304E+05 ,1.23E+05  ,4.203E+05 ,2.911E+03
memcpy_0_avx_movsb    ,rand SPEC2017   ,1       ,0      ,-1     ,2        ,100000 ,8192        ,1.305E+05 ,1.311E+05 ,1.304E+05 ,1.24E+05  ,4.213E+05 ,3.280E+03
memcpy_1_avx_movsb    ,rand SPEC2017   ,1       ,0      ,-1     ,0        ,100000 ,8192        ,1.209E+05 ,1.210E+05 ,1.209E+05 ,1.14E+05  ,4.114E+05 ,2.217E+03
memcpy_1_avx_movsb    ,rand SPEC2017   ,1       ,0      ,-1     ,1        ,100000 ,8192        ,1.222E+05 ,1.227E+05 ,1.222E+05 ,1.15E+05  ,4.127E+05 ,2.873E+03
memcpy_1_avx_movsb    ,rand SPEC2017   ,1       ,0      ,-1     ,2        ,100000 ,8192        ,1.253E+05 ,1.261E+05 ,1.253E+05 ,1.19E+05  ,4.305E+05 ,3.058E+03
memcpy_2_avx_movsb    ,rand SPEC2017   ,1       ,0      ,-1     ,0        ,100000 ,8192        ,1.337E+05 ,1.343E+05 ,1.337E+05 ,1.26E+05  ,4.201E+05 ,3.168E+03
memcpy_2_avx_movsb    ,rand SPEC2017   ,1       ,0      ,-1     ,1        ,100000 ,8192        ,1.324E+05 ,1.331E+05 ,1.324E+05 ,1.26E+05  ,4.226E+05 ,3.126E+03
memcpy_2_avx_movsb    ,rand SPEC2017   ,1       ,0      ,-1     ,2        ,100000 ,8192        ,1.360E+05 ,1.351E+05 ,1.359E+05 ,1.29E+05  ,4.325E+05 ,3.372E+03
memcpy_0_avx_movsb    ,rand SPEC2017   ,1       ,0      ,-1     ,0        ,100000 ,8192        ,1.213E+05 ,1.214E+05 ,1.213E+05 ,1.14E+05  ,4.222E+05 ,2.362E+03
memcpy_0_avx_movsb    ,rand SPEC2017   ,1       ,0      ,-1     ,1        ,100000 ,8192        ,1.300E+05 ,1.306E+05 ,1.300E+05 ,1.23E+05  ,4.247E+05 ,3.147E+03
memcpy_0_avx_movsb    ,rand SPEC2017   ,1       ,0      ,-1     ,2        ,100000 ,8192        ,1.305E+05 ,1.295E+05 ,1.305E+05 ,1.24E+05  ,4.297E+05 ,3.158E+03
memcpy_1_avx_movsb    ,rand SPEC2017   ,1       ,0      ,-1     ,0        ,100000 ,8192        ,1.217E+05 ,1.217E+05 ,1.217E+05 ,1.14E+05  ,4.175E+05 ,2.159E+03
memcpy_1_avx_movsb    ,rand SPEC2017   ,1       ,0      ,-1     ,1        ,100000 ,8192        ,1.229E+05 ,1.230E+05 ,1.229E+05 ,1.15E+05  ,4.127E+05 ,2.494E+03
memcpy_1_avx_movsb    ,rand SPEC2017   ,1       ,0      ,-1     ,2        ,100000 ,8192        ,1.265E+05 ,1.267E+05 ,1.263E+05 ,1.19E+05  ,1.538E+06 ,1.731E+04
memcpy_2_avx_movsb    ,rand SPEC2017   ,1       ,0      ,-1     ,0        ,100000 ,8192        ,1.330E+05 ,1.336E+05 ,1.329E+05 ,1.26E+05  ,4.283E+05 ,3.236E+03
memcpy_2_avx_movsb    ,rand SPEC2017   ,1       ,0      ,-1     ,1        ,100000 ,8192        ,1.328E+05 ,1.332E+05 ,1.327E+05 ,1.26E+05  ,4.238E+05 ,3.047E+03
memcpy_2_avx_movsb    ,rand SPEC2017   ,1       ,0      ,-1     ,2        ,100000 ,8192        ,1.363E+05 ,1.353E+05 ,1.363E+05 ,1.30E+05  ,4.382E+05 ,3.346E+03
memcpy_0_avx_movsb    ,rand SPEC2017   ,1       ,0      ,-1     ,0        ,100000 ,8192        ,1.217E+05 ,1.219E+05 ,1.217E+05 ,1.14E+05  ,4.140E+05 ,2.457E+03
memcpy_0_avx_movsb    ,rand SPEC2017   ,1       ,0      ,-1     ,1        ,100000 ,8192        ,1.302E+05 ,1.307E+05 ,1.302E+05 ,1.23E+05  ,4.540E+05 ,3.194E+03
memcpy_0_avx_movsb    ,rand SPEC2017   ,1       ,0      ,-1     ,2        ,100000 ,8192        ,1.313E+05 ,1.318E+05 ,1.312E+05 ,1.25E+05  ,4.334E+05 ,3.455E+03
memcpy_1_avx_movsb    ,rand SPEC2017   ,1       ,0      ,-1     ,0        ,100000 ,8192        ,1.219E+05 ,1.218E+05 ,1.219E+05 ,1.15E+05  ,4.134E+05 ,1.971E+03
memcpy_1_avx_movsb    ,rand SPEC2017   ,1       ,0      ,-1     ,1        ,100000 ,8192        ,1.228E+05 ,1.230E+05 ,1.228E+05 ,1.15E+05  ,4.182E+05 ,2.563E+03
memcpy_1_avx_movsb    ,rand SPEC2017   ,1       ,0      ,-1     ,2        ,100000 ,8192        ,1.257E+05 ,1.262E+05 ,1.257E+05 ,1.19E+05  ,4.134E+05 ,2.830E+03
memcpy_2_avx_movsb    ,rand SPEC2017   ,1       ,0      ,-1     ,0        ,100000 ,8192        ,1.334E+05 ,1.337E+05 ,1.334E+05 ,1.26E+05  ,4.182E+05 ,2.949E+03
memcpy_2_avx_movsb    ,rand SPEC2017   ,1       ,0      ,-1     ,1        ,100000 ,8192        ,1.330E+05 ,1.333E+05 ,1.330E+05 ,1.25E+05  ,4.258E+05 ,2.772E+03
memcpy_2_avx_movsb    ,rand SPEC2017   ,1       ,0      ,-1     ,2        ,100000 ,8192        ,1.361E+05 ,1.348E+05 ,1.359E+05 ,1.30E+05  ,1.544E+06 ,1.714E+04
memcpy_0_avx_movsb    ,rand SPEC2017   ,1       ,0      ,-1     ,0        ,100000 ,8192        ,1.215E+05 ,1.216E+05 ,1.215E+05 ,1.15E+05  ,4.993E+05 ,2.388E+03
memcpy_0_avx_movsb    ,rand SPEC2017   ,1       ,0      ,-1     ,1        ,100000 ,8192        ,1.295E+05 ,1.299E+05 ,1.295E+05 ,1.22E+05  ,4.250E+05 ,2.824E+03
memcpy_0_avx_movsb    ,rand SPEC2017   ,1       ,0      ,-1     ,2        ,100000 ,8192        ,1.307E+05 ,1.314E+05 ,1.306E+05 ,1.24E+05  ,4.193E+05 ,3.076E+03
memcpy_1_avx_movsb    ,rand SPEC2017   ,1       ,0      ,-1     ,0        ,100000 ,8192        ,1.259E+05 ,1.220E+05 ,1.254E+05 ,1.12E+05  ,1.498E+06 ,1.393E+04
memcpy_1_avx_movsb    ,rand SPEC2017   ,1       ,0      ,-1     ,1        ,100000 ,8192        ,1.481E+05 ,1.446E+05 ,1.471E+05 ,1.18E+05  ,1.169E+06 ,1.903E+04
memcpy_1_avx_movsb    ,rand SPEC2017   ,1       ,0      ,-1     ,2        ,100000 ,8192        ,1.270E+05 ,1.265E+05 ,1.269E+05 ,1.22E+05  ,4.232E+05 ,2.569E+03
memcpy_2_avx_movsb    ,rand SPEC2017   ,1       ,0      ,-1     ,0        ,100000 ,8192        ,1.349E+05 ,1.346E+05 ,1.349E+05 ,1.30E+05  ,4.281E+05 ,2.124E+03
memcpy_2_avx_movsb    ,rand SPEC2017   ,1       ,0      ,-1     ,1        ,100000 ,8192        ,1.329E+05 ,1.329E+05 ,1.329E+05 ,1.25E+05  ,4.224E+05 ,2.218E+03
memcpy_2_avx_movsb    ,rand SPEC2017   ,1       ,0      ,-1     ,2        ,100000 ,8192        ,1.364E+05 ,1.370E+05 ,1.364E+05 ,1.29E+05  ,4.295E+05 ,3.178E+03
memcpy_0_avx_movsb    ,rand SPEC2017   ,1       ,0      ,-1     ,0        ,100000 ,8192        ,1.217E+05 ,1.216E+05 ,1.217E+05 ,1.15E+05  ,1.441E+06 ,6.518E+03
memcpy_0_avx_movsb    ,rand SPEC2017   ,1       ,0      ,-1     ,1        ,100000 ,8192        ,1.307E+05 ,1.311E+05 ,1.307E+05 ,1.23E+05  ,7.550E+05 ,3.601E+03
memcpy_0_avx_movsb    ,rand SPEC2017   ,1       ,0      ,-1     ,2        ,100000 ,8192        ,1.320E+05 ,1.323E+05 ,1.318E+05 ,1.25E+05  ,1.528E+06 ,1.758E+04
memcpy_1_avx_movsb    ,rand SPEC2017   ,1       ,0      ,-1     ,0        ,100000 ,8192        ,1.217E+05 ,1.217E+05 ,1.217E+05 ,1.15E+05  ,4.113E+05 ,2.127E+03
memcpy_1_avx_movsb    ,rand SPEC2017   ,1       ,0      ,-1     ,1        ,100000 ,8192        ,1.221E+05 ,1.223E+05 ,1.221E+05 ,1.15E+05  ,4.105E+05 ,2.576E+03
memcpy_1_avx_movsb    ,rand SPEC2017   ,1       ,0      ,-1     ,2        ,100000 ,8192        ,1.261E+05 ,1.267E+05 ,1.261E+05 ,1.19E+05  ,4.203E+05 ,2.930E+03
memcpy_2_avx_movsb    ,rand SPEC2017   ,1       ,0      ,-1     ,0        ,100000 ,8192        ,1.340E+05 ,1.345E+05 ,1.340E+05 ,1.27E+05  ,4.239E+05 ,3.069E+03
memcpy_2_avx_movsb    ,rand SPEC2017   ,1       ,0      ,-1     ,1        ,100000 ,8192        ,1.325E+05 ,1.328E+05 ,1.325E+05 ,1.25E+05  ,8.865E+05 ,4.268E+03
memcpy_2_avx_movsb    ,rand SPEC2017   ,1       ,0      ,-1     ,2        ,100000 ,8192        ,1.365E+05 ,1.368E+05 ,1.364E+05 ,1.30E+05  ,4.257E+05 ,3.911E+03
memcpy_0_avx_movsb    ,rand SPEC2017   ,1       ,0      ,-1     ,0        ,100000 ,8192        ,1.218E+05 ,1.216E+05 ,1.218E+05 ,1.15E+05  ,4.128E+05 ,1.854E+03
memcpy_0_avx_movsb    ,rand SPEC2017   ,1       ,0      ,-1     ,1        ,100000 ,8192        ,1.374E+05 ,1.312E+05 ,1.369E+05 ,1.24E+05  ,4.678E+05 ,1.229E+04
memcpy_0_avx_movsb    ,rand SPEC2017   ,1       ,0      ,-1     ,2        ,100000 ,8192        ,1.309E+05 ,1.315E+05 ,1.309E+05 ,1.23E+05  ,4.205E+05 ,2.991E+03
memcpy_1_avx_movsb    ,rand SPEC2017   ,1       ,0      ,-1     ,0        ,100000 ,8192        ,1.218E+05 ,1.218E+05 ,1.218E+05 ,1.18E+05  ,4.082E+05 ,1.857E+03
memcpy_1_avx_movsb    ,rand SPEC2017   ,1       ,0      ,-1     ,1        ,100000 ,8192        ,1.231E+05 ,1.232E+05 ,1.231E+05 ,1.16E+05  ,4.183E+05 ,2.226E+03
memcpy_1_avx_movsb    ,rand SPEC2017   ,1       ,0      ,-1     ,2        ,100000 ,8192        ,1.265E+05 ,1.266E+05 ,1.265E+05 ,1.19E+05  ,4.287E+05 ,2.425E+03
memcpy_2_avx_movsb    ,rand SPEC2017   ,1       ,0      ,-1     ,0        ,100000 ,8192        ,1.347E+05 ,1.352E+05 ,1.347E+05 ,1.27E+05  ,4.247E+05 ,3.101E+03
memcpy_2_avx_movsb    ,rand SPEC2017   ,1       ,0      ,-1     ,1        ,100000 ,8192        ,1.319E+05 ,1.324E+05 ,1.318E+05 ,1.25E+05  ,4.326E+05 ,3.196E+03
memcpy_2_avx_movsb    ,rand SPEC2017   ,1       ,0      ,-1     ,2        ,100000 ,8192        ,1.351E+05 ,1.340E+05 ,1.351E+05 ,1.29E+05  ,4.245E+05 ,3.336E+03
memcpy_0_avx_movsb    ,rand SPEC2017   ,1       ,0      ,-1     ,0        ,100000 ,8192        ,1.215E+05 ,1.215E+05 ,1.215E+05 ,1.15E+05  ,4.265E+05 ,2.286E+03
memcpy_0_avx_movsb    ,rand SPEC2017   ,1       ,0      ,-1     ,1        ,100000 ,8192        ,1.301E+05 ,1.307E+05 ,1.300E+05 ,1.23E+05  ,4.189E+05 ,3.010E+03
memcpy_0_avx_movsb    ,rand SPEC2017   ,1       ,0      ,-1     ,2        ,100000 ,8192        ,1.306E+05 ,1.313E+05 ,1.306E+05 ,1.24E+05  ,4.202E+05 ,3.009E+03
memcpy_1_avx_movsb    ,rand SPEC2017   ,1       ,0      ,-1     ,0        ,100000 ,8192        ,1.216E+05 ,1.218E+05 ,1.216E+05 ,1.15E+05  ,4.115E+05 ,2.312E+03
memcpy_1_avx_movsb    ,rand SPEC2017   ,1       ,0      ,-1     ,1        ,100000 ,8192        ,1.219E+05 ,1.223E+05 ,1.219E+05 ,1.15E+05  ,4.209E+05 ,2.766E+03
memcpy_1_avx_movsb    ,rand SPEC2017   ,1       ,0      ,-1     ,2        ,100000 ,8192        ,1.261E+05 ,1.265E+05 ,1.261E+05 ,1.19E+05  ,4.169E+05 ,2.668E+03
memcpy_2_avx_movsb    ,rand SPEC2017   ,1       ,0      ,-1     ,0        ,100000 ,8192        ,1.333E+05 ,1.336E+05 ,1.333E+05 ,1.26E+05  ,4.349E+05 ,3.170E+03
memcpy_2_avx_movsb    ,rand SPEC2017   ,1       ,0      ,-1     ,1        ,100000 ,8192        ,1.324E+05 ,1.331E+05 ,1.324E+05 ,1.25E+05  ,4.542E+05 ,3.265E+03
memcpy_2_avx_movsb    ,rand SPEC2017   ,1       ,0      ,-1     ,2        ,100000 ,8192        ,1.371E+05 ,1.378E+05 ,1.371E+05 ,1.30E+05  ,4.350E+05 ,3.429E+03
memcpy_0_avx_movsb    ,rand SPEC2017   ,1       ,0      ,-1     ,0        ,100000 ,8192        ,1.214E+05 ,1.215E+05 ,1.214E+05 ,1.14E+05  ,4.170E+05 ,2.289E+03
memcpy_0_avx_movsb    ,rand SPEC2017   ,1       ,0      ,-1     ,1        ,100000 ,8192        ,1.299E+05 ,1.305E+05 ,1.299E+05 ,1.23E+05  ,4.213E+05 ,3.000E+03
memcpy_0_avx_movsb    ,rand SPEC2017   ,1       ,0      ,-1     ,2        ,100000 ,8192        ,1.318E+05 ,1.322E+05 ,1.317E+05 ,1.24E+05  ,4.239E+05 ,2.818E+03
memcpy_1_avx_movsb    ,rand SPEC2017   ,1       ,0      ,-1     ,0        ,100000 ,8192        ,1.225E+05 ,1.225E+05 ,1.225E+05 ,1.18E+05  ,4.252E+05 ,1.935E+03
memcpy_1_avx_movsb    ,rand SPEC2017   ,1       ,0      ,-1     ,1        ,100000 ,8192        ,1.226E+05 ,1.226E+05 ,1.226E+05 ,1.15E+05  ,4.158E+05 ,2.022E+03
memcpy_1_avx_movsb    ,rand SPEC2017   ,1       ,0      ,-1     ,2        ,100000 ,8192        ,1.263E+05 ,1.267E+05 ,1.263E+05 ,1.19E+05  ,7.679E+05 ,3.750E+03
memcpy_2_avx_movsb    ,rand SPEC2017   ,1       ,0      ,-1     ,0        ,100000 ,8192        ,1.339E+05 ,1.345E+05 ,1.339E+05 ,1.27E+05  ,4.246E+05 ,3.109E+03
memcpy_2_avx_movsb    ,rand SPEC2017   ,1       ,0      ,-1     ,1        ,100000 ,8192        ,1.321E+05 ,1.327E+05 ,1.320E+05 ,1.25E+05  ,4.230E+05 ,3.211E+03
memcpy_2_avx_movsb    ,rand SPEC2017   ,1       ,0      ,-1     ,2        ,100000 ,8192        ,1.363E+05 ,1.362E+05 ,1.362E+05 ,1.30E+05  ,4.260E+05 ,3.393E+03
memcpy_0_avx_movsb    ,rand SPEC2017   ,1       ,0      ,-1     ,0        ,100000 ,8192        ,1.215E+05 ,1.214E+05 ,1.215E+05 ,1.15E+05  ,4.111E+05 ,1.895E+03
memcpy_0_avx_movsb    ,rand SPEC2017   ,1       ,0      ,-1     ,1        ,100000 ,8192        ,1.290E+05 ,1.296E+05 ,1.290E+05 ,1.22E+05  ,4.289E+05 ,3.281E+03
memcpy_0_avx_movsb    ,rand SPEC2017   ,1       ,0      ,-1     ,2        ,100000 ,8192        ,1.308E+05 ,1.299E+05 ,1.308E+05 ,1.24E+05  ,7.684E+05 ,4.043E+03
memcpy_1_avx_movsb    ,rand SPEC2017   ,1       ,0      ,-1     ,0        ,100000 ,8192        ,1.211E+05 ,1.207E+05 ,1.209E+05 ,1.14E+05  ,1.498E+06 ,1.662E+04
memcpy_1_avx_movsb    ,rand SPEC2017   ,1       ,0      ,-1     ,1        ,100000 ,8192        ,1.216E+05 ,1.217E+05 ,1.216E+05 ,1.15E+05  ,4.222E+05 ,2.304E+03
memcpy_1_avx_movsb    ,rand SPEC2017   ,1       ,0      ,-1     ,2        ,100000 ,8192        ,1.260E+05 ,1.265E+05 ,1.260E+05 ,1.19E+05  ,4.180E+05 ,2.837E+03
memcpy_2_avx_movsb    ,rand SPEC2017   ,1       ,0      ,-1     ,0        ,100000 ,8192        ,1.338E+05 ,1.340E+05 ,1.338E+05 ,1.26E+05  ,4.219E+05 ,2.638E+03
memcpy_2_avx_movsb    ,rand SPEC2017   ,1       ,0      ,-1     ,1        ,100000 ,8192        ,1.332E+05 ,1.335E+05 ,1.331E+05 ,1.26E+05  ,4.419E+05 ,4.522E+03
memcpy_2_avx_movsb    ,rand SPEC2017   ,1       ,0      ,-1     ,2        ,100000 ,8192        ,1.361E+05 ,1.364E+05 ,1.361E+05 ,1.30E+05  ,7.594E+05 ,3.869E+03
memcpy_0_avx_movsb    ,rand SPEC2017   ,1       ,0      ,-1     ,0        ,100000 ,8192        ,1.216E+05 ,1.214E+05 ,1.215E+05 ,1.15E+05  ,4.174E+05 ,3.180E+03
memcpy_0_avx_movsb    ,rand SPEC2017   ,1       ,0      ,-1     ,1        ,100000 ,8192        ,1.303E+05 ,1.306E+05 ,1.303E+05 ,1.23E+05  ,4.208E+05 ,2.755E+03
memcpy_0_avx_movsb    ,rand SPEC2017   ,1       ,0      ,-1     ,2        ,100000 ,8192        ,1.311E+05 ,1.318E+05 ,1.310E+05 ,1.24E+05  ,4.229E+05 ,3.139E+03
memcpy_1_avx_movsb    ,rand SPEC2017   ,1       ,0      ,-1     ,0        ,100000 ,8192        ,1.211E+05 ,1.211E+05 ,1.211E+05 ,1.14E+05  ,4.282E+05 ,2.106E+03
memcpy_1_avx_movsb    ,rand SPEC2017   ,1       ,0      ,-1     ,1        ,100000 ,8192        ,1.229E+05 ,1.230E+05 ,1.229E+05 ,1.16E+05  ,4.158E+05 ,2.426E+03
memcpy_1_avx_movsb    ,rand SPEC2017   ,1       ,0      ,-1     ,2        ,100000 ,8192        ,1.263E+05 ,1.267E+05 ,1.263E+05 ,1.19E+05  ,7.642E+05 ,3.681E+03
memcpy_2_avx_movsb    ,rand SPEC2017   ,1       ,0      ,-1     ,0        ,100000 ,8192        ,1.341E+05 ,1.345E+05 ,1.339E+05 ,1.27E+05  ,1.500E+06 ,1.661E+04
memcpy_2_avx_movsb    ,rand SPEC2017   ,1       ,0      ,-1     ,1        ,100000 ,8192        ,1.322E+05 ,1.329E+05 ,1.321E+05 ,1.25E+05  ,4.234E+05 ,3.133E+03
memcpy_2_avx_movsb    ,rand SPEC2017   ,1       ,0      ,-1     ,2        ,100000 ,8192        ,1.366E+05 ,1.371E+05 ,1.366E+05 ,1.30E+05  ,4.222E+05 ,3.228E+03
memcpy_0_avx_movsb    ,rand SPEC2017   ,1       ,0      ,-1     ,0        ,100000 ,8192        ,1.214E+05 ,1.214E+05 ,1.214E+05 ,1.14E+05  ,4.123E+05 ,2.006E+03
memcpy_0_avx_movsb    ,rand SPEC2017   ,1       ,0      ,-1     ,1        ,100000 ,8192        ,1.296E+05 ,1.302E+05 ,1.296E+05 ,1.23E+05  ,4.196E+05 ,2.975E+03
memcpy_0_avx_movsb    ,rand SPEC2017   ,1       ,0      ,-1     ,2        ,100000 ,8192        ,1.312E+05 ,1.319E+05 ,1.312E+05 ,1.25E+05  ,4.211E+05 ,3.165E+03
memcpy_1_avx_movsb    ,rand SPEC2017   ,1       ,0      ,-1     ,0        ,100000 ,8192        ,1.217E+05 ,1.217E+05 ,1.217E+05 ,1.15E+05  ,4.106E+05 ,1.861E+03
memcpy_1_avx_movsb    ,rand SPEC2017   ,1       ,0      ,-1     ,1        ,100000 ,8192        ,1.221E+05 ,1.222E+05 ,1.221E+05 ,1.15E+05  ,4.111E+05 ,2.209E+03
memcpy_1_avx_movsb    ,rand SPEC2017   ,1       ,0      ,-1     ,2        ,100000 ,8192        ,1.257E+05 ,1.262E+05 ,1.257E+05 ,1.19E+05  ,4.152E+05 ,2.874E+03
memcpy_2_avx_movsb    ,rand SPEC2017   ,1       ,0      ,-1     ,0        ,100000 ,8192        ,1.337E+05 ,1.344E+05 ,1.337E+05 ,1.27E+05  ,4.210E+05 ,3.202E+03
memcpy_2_avx_movsb    ,rand SPEC2017   ,1       ,0      ,-1     ,1        ,100000 ,8192        ,1.315E+05 ,1.322E+05 ,1.315E+05 ,1.25E+05  ,4.332E+05 ,3.235E+03
memcpy_2_avx_movsb    ,rand SPEC2017   ,1       ,0      ,-1     ,2        ,100000 ,8192        ,1.364E+05 ,1.353E+05 ,1.364E+05 ,1.30E+05  ,4.603E+05 ,3.352E+03
memcpy_0_avx_movsb    ,rand SPEC2017   ,1       ,0      ,-1     ,0        ,100000 ,8192        ,1.213E+05 ,1.215E+05 ,1.213E+05 ,1.14E+05  ,4.180E+05 ,2.713E+03
memcpy_0_avx_movsb    ,rand SPEC2017   ,1       ,0      ,-1     ,1        ,100000 ,8192        ,1.302E+05 ,1.306E+05 ,1.301E+05 ,1.23E+05  ,4.220E+05 ,2.773E+03
memcpy_0_avx_movsb    ,rand SPEC2017   ,1       ,0      ,-1     ,2        ,100000 ,8192        ,1.317E+05 ,1.323E+05 ,1.316E+05 ,1.25E+05  ,4.415E+05 ,3.178E+03
memcpy_1_avx_movsb    ,rand SPEC2017   ,1       ,0      ,-1     ,0        ,100000 ,8192        ,1.222E+05 ,1.223E+05 ,1.222E+05 ,1.15E+05  ,4.104E+05 ,2.442E+03
memcpy_1_avx_movsb    ,rand SPEC2017   ,1       ,0      ,-1     ,1        ,100000 ,8192        ,1.221E+05 ,1.224E+05 ,1.221E+05 ,1.15E+05  ,4.129E+05 ,2.484E+03
memcpy_1_avx_movsb    ,rand SPEC2017   ,1       ,0      ,-1     ,2        ,100000 ,8192        ,1.258E+05 ,1.264E+05 ,1.258E+05 ,1.19E+05  ,4.188E+05 ,2.916E+03
memcpy_2_avx_movsb    ,rand SPEC2017   ,1       ,0      ,-1     ,0        ,100000 ,8192        ,1.333E+05 ,1.331E+05 ,1.333E+05 ,1.27E+05  ,4.312E+05 ,3.287E+03
memcpy_2_avx_movsb    ,rand SPEC2017   ,1       ,0      ,-1     ,1        ,100000 ,8192        ,1.318E+05 ,1.312E+05 ,1.318E+05 ,1.25E+05  ,4.235E+05 ,3.847E+03
memcpy_2_avx_movsb    ,rand SPEC2017   ,1       ,0      ,-1     ,2        ,100000 ,8192        ,1.352E+05 ,1.340E+05 ,1.351E+05 ,1.29E+05  ,4.240E+05 ,3.246E+03
memcpy_0_avx_movsb    ,rand SPEC2017   ,1       ,0      ,-1     ,0        ,100000 ,8192        ,1.214E+05 ,1.218E+05 ,1.214E+05 ,1.15E+05  ,4.104E+05 ,2.811E+03
memcpy_0_avx_movsb    ,rand SPEC2017   ,1       ,0      ,-1     ,1        ,100000 ,8192        ,1.301E+05 ,1.306E+05 ,1.301E+05 ,1.23E+05  ,4.209E+05 ,2.909E+03
memcpy_0_avx_movsb    ,rand SPEC2017   ,1       ,0      ,-1     ,2        ,100000 ,8192        ,1.310E+05 ,1.311E+05 ,1.310E+05 ,1.24E+05  ,4.350E+05 ,3.312E+03
memcpy_1_avx_movsb    ,rand SPEC2017   ,1       ,0      ,-1     ,0        ,100000 ,8192        ,1.208E+05 ,1.210E+05 ,1.208E+05 ,1.14E+05  ,4.223E+05 ,2.499E+03
memcpy_1_avx_movsb    ,rand SPEC2017   ,1       ,0      ,-1     ,1        ,100000 ,8192        ,1.221E+05 ,1.220E+05 ,1.219E+05 ,1.15E+05  ,1.515E+06 ,1.742E+04
memcpy_1_avx_movsb    ,rand SPEC2017   ,1       ,0      ,-1     ,2        ,100000 ,8192        ,1.261E+05 ,1.264E+05 ,1.261E+05 ,1.19E+05  ,4.242E+05 ,2.550E+03
memcpy_2_avx_movsb    ,rand SPEC2017   ,1       ,0      ,-1     ,0        ,100000 ,8192        ,1.320E+05 ,1.309E+05 ,1.320E+05 ,1.26E+05  ,4.240E+05 ,3.224E+03
memcpy_2_avx_movsb    ,rand SPEC2017   ,1       ,0      ,-1     ,1        ,100000 ,8192        ,1.320E+05 ,1.328E+05 ,1.320E+05 ,1.25E+05  ,4.267E+05 ,3.126E+03
memcpy_2_avx_movsb    ,rand SPEC2017   ,1       ,0      ,-1     ,2        ,100000 ,8192        ,1.365E+05 ,1.373E+05 ,1.365E+05 ,1.30E+05  ,4.260E+05 ,3.248E+03
memcpy_0_avx_movsb    ,rand SPEC2017   ,1       ,0      ,-1     ,0        ,100000 ,8192        ,1.221E+05 ,1.221E+05 ,1.221E+05 ,1.15E+05  ,4.140E+05 ,2.002E+03
memcpy_0_avx_movsb    ,rand SPEC2017   ,1       ,0      ,-1     ,1        ,100000 ,8192        ,1.300E+05 ,1.305E+05 ,1.300E+05 ,1.23E+05  ,4.234E+05 ,3.295E+03
memcpy_0_avx_movsb    ,rand SPEC2017   ,1       ,0      ,-1     ,2        ,100000 ,8192        ,1.306E+05 ,1.314E+05 ,1.306E+05 ,1.24E+05  ,4.249E+05 ,3.273E+03
memcpy_1_avx_movsb    ,rand SPEC2017   ,1       ,0      ,-1     ,0        ,100000 ,8192        ,1.218E+05 ,1.218E+05 ,1.218E+05 ,1.15E+05  ,4.138E+05 ,2.170E+03
memcpy_1_avx_movsb    ,rand SPEC2017   ,1       ,0      ,-1     ,1        ,100000 ,8192        ,1.231E+05 ,1.231E+05 ,1.231E+05 ,1.16E+05  ,4.246E+05 ,2.063E+03
memcpy_1_avx_movsb    ,rand SPEC2017   ,1       ,0      ,-1     ,2        ,100000 ,8192        ,1.257E+05 ,1.263E+05 ,1.257E+05 ,1.19E+05  ,4.494E+05 ,2.931E+03
memcpy_2_avx_movsb    ,rand SPEC2017   ,1       ,0      ,-1     ,0        ,100000 ,8192        ,1.334E+05 ,1.337E+05 ,1.333E+05 ,1.26E+05  ,4.279E+05 ,3.153E+03
memcpy_2_avx_movsb    ,rand SPEC2017   ,1       ,0      ,-1     ,1        ,100000 ,8192        ,1.321E+05 ,1.323E+05 ,1.319E+05 ,1.25E+05  ,1.508E+06 ,1.697E+04
memcpy_2_avx_movsb    ,rand SPEC2017   ,1       ,0      ,-1     ,2        ,100000 ,8192        ,1.370E+05 ,1.360E+05 ,1.369E+05 ,1.31E+05  ,4.363E+05 ,3.459E+03
memcpy_0_avx_movsb    ,rand SPEC2017   ,1       ,0      ,-1     ,0        ,100000 ,8192        ,1.218E+05 ,1.218E+05 ,1.217E+05 ,1.15E+05  ,4.365E+05 ,2.111E+03
memcpy_0_avx_movsb    ,rand SPEC2017   ,1       ,0      ,-1     ,1        ,100000 ,8192        ,1.301E+05 ,1.305E+05 ,1.300E+05 ,1.23E+05  ,4.186E+05 ,3.005E+03
memcpy_0_avx_movsb    ,rand SPEC2017   ,1       ,0      ,-1     ,2        ,100000 ,8192        ,1.310E+05 ,1.314E+05 ,1.310E+05 ,1.23E+05  ,4.218E+05 ,3.000E+03
memcpy_1_avx_movsb    ,rand SPEC2017   ,1       ,0      ,-1     ,0        ,100000 ,8192        ,1.214E+05 ,1.214E+05 ,1.214E+05 ,1.14E+05  ,4.074E+05 ,2.140E+03
memcpy_1_avx_movsb    ,rand SPEC2017   ,1       ,0      ,-1     ,1        ,100000 ,8192        ,1.228E+05 ,1.232E+05 ,1.227E+05 ,1.16E+05  ,4.092E+05 ,2.809E+03
memcpy_1_avx_movsb    ,rand SPEC2017   ,1       ,0      ,-1     ,2        ,100000 ,8192        ,1.257E+05 ,1.264E+05 ,1.257E+05 ,1.19E+05  ,4.180E+05 ,3.089E+03
memcpy_2_avx_movsb    ,rand SPEC2017   ,1       ,0      ,-1     ,0        ,100000 ,8192        ,1.329E+05 ,1.334E+05 ,1.329E+05 ,1.25E+05  ,4.210E+05 ,3.255E+03
memcpy_2_avx_movsb    ,rand SPEC2017   ,1       ,0      ,-1     ,1        ,100000 ,8192        ,1.324E+05 ,1.330E+05 ,1.323E+05 ,1.25E+05  ,4.245E+05 ,3.219E+03
memcpy_2_avx_movsb    ,rand SPEC2017   ,1       ,0      ,-1     ,2        ,100000 ,8192        ,1.360E+05 ,1.350E+05 ,1.360E+05 ,1.30E+05  ,4.271E+05 ,3.225E+03
memcpy_0_avx_movsb    ,rand SPEC2017   ,1       ,0      ,-1     ,0        ,100000 ,8192        ,1.214E+05 ,1.217E+05 ,1.214E+05 ,1.15E+05  ,4.302E+05 ,2.718E+03
memcpy_0_avx_movsb    ,rand SPEC2017   ,1       ,0      ,-1     ,1        ,100000 ,8192        ,1.308E+05 ,1.309E+05 ,1.306E+05 ,1.23E+05  ,1.515E+06 ,1.676E+04
memcpy_0_avx_movsb    ,rand SPEC2017   ,1       ,0      ,-1     ,2        ,100000 ,8192        ,1.310E+05 ,1.307E+05 ,1.310E+05 ,1.24E+05  ,4.211E+05 ,3.372E+03
memcpy_1_avx_movsb    ,rand SPEC2017   ,1       ,0      ,-1     ,0        ,100000 ,8192        ,1.208E+05 ,1.210E+05 ,1.208E+05 ,1.14E+05  ,4.125E+05 ,2.563E+03
memcpy_1_avx_movsb    ,rand SPEC2017   ,1       ,0      ,-1     ,1        ,100000 ,8192        ,1.223E+05 ,1.225E+05 ,1.222E+05 ,1.15E+05  ,4.091E+05 ,2.827E+03
memcpy_1_avx_movsb    ,rand SPEC2017   ,1       ,0      ,-1     ,2        ,100000 ,8192        ,1.253E+05 ,1.243E+05 ,1.253E+05 ,1.19E+05  ,4.301E+05 ,3.077E+03
memcpy_2_avx_movsb    ,rand SPEC2017   ,1       ,0      ,-1     ,0        ,100000 ,8192        ,1.336E+05 ,1.341E+05 ,1.336E+05 ,1.26E+05  ,4.322E+05 ,3.339E+03
memcpy_2_avx_movsb    ,rand SPEC2017   ,1       ,0      ,-1     ,1        ,100000 ,8192        ,1.318E+05 ,1.325E+05 ,1.318E+05 ,1.25E+05  ,4.284E+05 ,3.356E+03
memcpy_2_avx_movsb    ,rand SPEC2017   ,1       ,0      ,-1     ,2        ,100000 ,8192        ,1.357E+05 ,1.347E+05 ,1.357E+05 ,1.30E+05  ,4.303E+05 ,3.190E+03
memcpy_0_avx_movsb    ,rand SPEC2017   ,1       ,0      ,-1     ,0        ,100000 ,8192        ,1.216E+05 ,1.218E+05 ,1.216E+05 ,1.15E+05  ,4.157E+05 ,2.824E+03
memcpy_0_avx_movsb    ,rand SPEC2017   ,1       ,0      ,-1     ,1        ,100000 ,8192        ,1.295E+05 ,1.302E+05 ,1.295E+05 ,1.23E+05  ,4.201E+05 ,3.087E+03
memcpy_0_avx_movsb    ,rand SPEC2017   ,1       ,0      ,-1     ,2        ,100000 ,8192        ,1.317E+05 ,1.324E+05 ,1.317E+05 ,1.24E+05  ,4.215E+05 ,3.067E+03
memcpy_1_avx_movsb    ,rand SPEC2017   ,1       ,0      ,-1     ,0        ,100000 ,8192        ,1.214E+05 ,1.213E+05 ,1.214E+05 ,1.14E+05  ,4.165E+05 ,2.087E+03
memcpy_1_avx_movsb    ,rand SPEC2017   ,1       ,0      ,-1     ,1        ,100000 ,8192        ,1.217E+05 ,1.221E+05 ,1.217E+05 ,1.15E+05  ,4.311E+05 ,2.832E+03
memcpy_1_avx_movsb    ,rand SPEC2017   ,1       ,0      ,-1     ,2        ,100000 ,8192        ,1.262E+05 ,1.265E+05 ,1.260E+05 ,1.18E+05  ,1.471E+06 ,1.639E+04
memcpy_2_avx_movsb    ,rand SPEC2017   ,1       ,0      ,-1     ,0        ,100000 ,8192        ,1.338E+05 ,1.343E+05 ,1.338E+05 ,1.26E+05  ,5.276E+05 ,3.361E+03
memcpy_2_avx_movsb    ,rand SPEC2017   ,1       ,0      ,-1     ,1        ,100000 ,8192        ,1.315E+05 ,1.322E+05 ,1.315E+05 ,1.25E+05  ,4.244E+05 ,3.405E+03
memcpy_2_avx_movsb    ,rand SPEC2017   ,1       ,0      ,-1     ,2        ,100000 ,8192        ,1.355E+05 ,1.345E+05 ,1.355E+05 ,1.30E+05  ,4.311E+05 ,3.321E+03
